0.29
0.20
-0.23
0.48
1.77
0.27
0.46
0.06
0.91
2.01
0.26
3.32
1.69
2.35
2.09
2.76
3.06
1.15
3.55
2.00
2.87
2.77
4.20
3.17
5.36
4.71
3.67
5.09
4.38
4.29
5.06
5.70
5.18
6.21
4.58
6.62
7.24
4.65
7.41
7.89
7.78
7.68
8.45
7.55
7.64
6.92
8.06
7.49
7.79
9.36
7.69
8.78
9.75
8.47
10.59
8.57
10.05
10.05
10.41
11.34
11.11
11.39
11.61
11.52
10.95
12.82
12.55
10.76
14.64
13.67
10.71
13.26
11.39
14.14
13.25
11.60
13.63
15.08
13.14
12.15
14.07
13.92
14.28
15.94
15.36
15.87
15.02
17.18
13.90
15.77
16.34
17.51
16.12
17.19
16.09
17.76
18.18
18.88
17.99
17.99
18.73
18.95
18.36
18.15
19.03
19.05
18.95
18.90
19.68
21.31
19.05
18.76
20.19
19.71
21.53
19.81
19.34
22.23
20.16
20.93
20.57
22.10
21.80
21.92
21.58
22.86
21.70
23.16
21.80
22.19
22.04
24.71
23.56
22.13
21.65
23.01
24.67
25.61
23.80
24.53
24.74
24.04
24.08
25.18
25.52
26.94
25.01
27.25
26.02
25.75
26.09
26.11
26.51
27.46
28.15
26.13
26.82
27.14
28.06
27.53
28.26
27.59
28.76
27.78
28.78
30.58
28.46
29.32
29.08
30.99
29.06
28.96
30.81
29.18
29.52
29.79
31.08
30.18
32.46
31.59
31.78
33.26
32.92
31.34
31.97
31.62
33.21
30.78
32.13
33.04
32.17
31.85
34.25
32.24
34.65
33.56
33.68
37.07
34.02
35.33
33.18
35.85
33.90
35.42
35.43
35.93
36.10
36.36
35.83
36.10
37.97
36.12
38.17
37.41
36.23
37.39
37.64
36.27
37.65
36.85
38.85
36.26
38.04
37.95
39.46
38.65
38.44
39.32
39.45
39.44
39.17
40.32
41.71
40.73
39.79
40.73
41.21
40.35
41.45
41.27
41.67
41.28
42.44
42.36
40.62
42.75
42.20
42.24
43.57
43.13
43.70
43.87
43.47
42.99
44.11
42.83
43.96
42.49
44.87
44.12
43.33
45.36
45.48
45.08
43.88
44.78
45.09
44.73
45.56
44.25
46.81
46.43
44.88
46.39
46.52
46.08
46.35
47.05
47.84
48.13
47.03
48.87
48.25
47.71
48.45
48.32
48.33
48.75
48.60
48.99
49.64
48.15
49.67
49.87
50.93
49.07
48.87
49.23
50.14
48.74
50.74
49.38
49.37
51.12
51.40
51.32
50.35
51.24
52.31
52.72
51.64
52.25
51.79
51.95
52.58
53.03
50.47
52.08
52.07
54.34
53.47
53.46
54.88
54.09
54.19
54.73
55.17
52.97
53.61
54.82
55.28
56.79
54.13
55.19
55.22
56.13
56.51
55.39
56.47
56.62
55.11
56.45
56.51
56.28
58.12
56.38
56.41
57.45
59.02
55.44
58.96
57.74
57.99
58.40
58.07
58.37
58.94
60.05
58.22
59.50
60.02
58.15
58.26
60.19
60.33
59.98
58.80
59.75
61.36
61.63
60.55
60.63
60.17
61.53
60.32
60.48
61.00
62.17
62.10
61.79
61.39
62.74
61.62
63.54
62.04
62.74
63.38
62.26
61.97
63.13
64.48
63.11
62.64
64.27
64.32
62.64
62.04
62.78
63.63
64.07
63.89
63.75
65.59
64.58
64.02
64.80
65.22
65.33
65.21
64.43
65.57
65.64
63.96
66.20
65.74
66.41
67.14
64.05
66.18
65.34
66.46
68.51
67.41
65.79
68.58
67.67
67.76
67.56
66.96
68.20
67.91
67.44
69.69
68.89
69.50
67.67
67.86
68.59
68.24
70.07
68.58
69.40
70.83
69.63
70.71
71.02
70.22
69.17
69.32
69.82
70.25
69.69
69.26
70.56
70.40
70.20
70.63
71.46
70.37
70.67
70.99
71.52
69.44
71.46
71.38
71.47
71.71
72.22
72.37
71.98
71.89
72.19
72.94
72.52
72.51
73.78
73.17
73.61
73.33
72.76
74.57
73.51
73.94
73.30
73.03
73.71
72.68
74.67
73.35
74.96
73.84
74.41
75.40
74.70
76.16
74.47
74.50
74.36
75.24
76.27
75.38
74.81
75.29
75.55
75.91
76.27
75.03
76.14
75.75
75.01
76.74
77.07
76.20
75.87
74.81
77.00
77.22
76.72
78.30
76.47
77.98
78.01
77.91
78.13
77.56
77.85
78.30
78.55
78.07
78.04
77.66
77.94
77.19
79.54
79.01
78.02
78.56
77.03
78.97
79.00
79.31
80.26
78.37
79.99
79.22
79.35
79.56
79.06
78.59
79.22
80.00
80.46
81.02
80.96
79.01
80.04
79.64
81.13
80.81
82.13
80.89
81.83
79.37
82.38
81.11
79.60
82.84
80.82
81.01
80.49
82.34
81.53
81.92
81.94
80.26
82.70
83.37
81.53
81.26
82.85
83.20
82.67
81.48
82.69
81.21
83.06
83.21
82.64
83.09
83.34
83.36
81.71
82.50
82.93
84.06
83.17
83.53
83.74
82.60
83.40
84.32
82.19
83.16
83.44
82.68
84.35
82.78
83.96
83.65
84.16
84.52
85.52
83.53
83.71
84.25
82.92
83.96
86.12
84.46
84.18
84.54
85.74
85.41
83.79
86.98
86.47
85.57
84.85
84.40
84.35
85.32
85.88
85.36
85.35
86.87
84.54
85.80
85.22
85.63
86.58
84.79
86.46
83.85
85.47
86.57
85.96
86.42
84.57
86.11
86.67
85.79
85.42
86.99
86.89
86.15
86.56
86.85
85.65
87.07
87.69
87.42
86.90
86.69
86.80
86.76
87.14
86.78
84.49
88.56
87.32
86.81
87.09
87.55
86.25
85.49
88.98
88.30
87.19
89.62
86.87
88.24
86.99
88.44
87.70
86.47
88.91
88.68
88.23
87.67
89.59
88.17
88.46
87.42
88.69
87.20
88.62
87.29
89.60
89.65
89.17
87.80
89.66
89.01
89.32
88.23
88.32
88.19
88.50
88.03
87.58
88.53
88.77
88.89
89.17
88.05
89.21
87.98
88.91
87.74
88.74
88.84
89.16
88.71
88.29
87.41
88.46
88.30
90.13
89.09
89.71
88.70
87.85
89.87
88.15
90.28
88.95
88.18
89.99
90.51
90.45
88.32
90.68
89.86
88.78
90.42
89.78
89.72
89.42
89.56
87.87
89.69
91.10
89.83
90.35
89.65
90.34
89.19
90.43
88.80
88.52
89.31
88.83
88.73
92.06
89.74
90.15
88.92
90.34
90.84
90.35
91.76
90.24
89.11
90.06
88.18
90.06
89.87
90.11
88.75
88.39
89.36
89.41
90.74
88.96
90.31
89.12
89.08
88.96
88.44
90.63
88.61
89.94
89.22
89.14
88.95
90.10
90.13
90.49
89.93
92.39
90.97
89.74
89.54
92.21
88.96
89.71
90.41
90.92
90.33
89.03
88.87
90.45
89.40
90.54
92.11
90.12
89.75
89.64
89.19
91.19
89.75
90.46
89.54
89.48
90.07
90.12
90.82
88.72
89.92
91.41
88.81
89.97
90.29
88.15
89.62
88.60
90.59
90.44
90.48
89.72
90.42
89.86
88.28
90.19
88.88
89.48
90.16
90.01
89.04
89.61
88.67
88.50
90.42
88.80
90.13
89.30
89.17
90.67
87.84
89.83
89.51
87.65
88.94
88.97
87.00
90.81
89.48
89.58
89.28
88.88
88.44
87.94
88.67
87.93
87.86
88.63
87.83
89.21
88.85
88.12
89.09
89.12
88.55
86.58
89.42
89.26
88.16
87.30
88.11
88.95
86.63
87.47
88.80
87.80
88.09
88.64
87.40
87.69
88.21
88.23
86.25
87.40
87.47
88.51
86.66
87.16
88.08
87.34
88.32
87.90
88.02
87.67
88.80
86.74
87.55
90.39
86.99
87.04
86.63
87.49
88.36
86.28
86.80
87.95
88.31
87.97
86.93
86.68
86.69
86.85
86.35
86.58
85.65
85.72
85.92
87.08
85.59
85.46
86.20
86.61
85.21
87.71
84.50
84.52
85.10
86.73
85.11
86.61
85.98
84.99
84.70
85.64
84.68
85.68
85.38
84.03
85.08
84.71
85.79
84.18
84.52
82.97
83.98
84.67
84.87
83.21
83.47
84.06
84.70
83.81
83.30
82.71
85.16
84.25
85.03
84.32
83.72
82.66
84.12
83.60
83.18
84.11
82.27
84.71
83.15
84.56
82.71
83.90
82.18
82.64
83.52
83.93
82.07
83.77
82.09
82.15
82.15
81.33
83.31
82.20
83.03
82.80
82.95
83.64
82.84
82.31
80.32
82.35
82.01
80.75
81.06
81.46
81.53
82.81
82.94
82.19
80.54
79.86
80.49
80.42
79.09
81.24
80.11
79.51
81.14
78.96
80.12
79.94
80.06
79.67
80.38
80.19
80.91
80.74
79.39
78.60
80.11
79.65
80.48
79.77
79.09
79.83
79.67
79.13
79.77
77.47
79.39
77.79
78.35
78.20
78.29
79.05
77.74
77.95
78.79
76.11
77.51
77.88
77.94
77.23
76.77
77.21
78.81
76.67
77.15
78.20
75.74
76.59
76.76
75.33
76.05
76.69
75.71
76.80
76.55
76.33
76.14
75.69
75.58
75.84
74.79
74.60
75.20
74.21
75.13
75.76
75.27
74.04
76.41
73.03
74.40
73.87
73.35
74.65
73.97
74.58
73.08
74.41
74.11
72.39
72.09
73.19
71.56
72.61
72.62
73.17
71.85
73.54
72.32
72.95
72.92
71.47
72.39
71.76
74.10
73.10
70.90
71.04
71.04
70.67
71.40
70.75
70.82
70.63
71.94
71.03
69.84
70.17
71.57
71.15
70.19
70.93
70.30
69.44
69.33
69.73
69.06
69.43
71.29
69.92
68.43
68.68
70.36
68.54
67.48
67.32
68.46
69.80
68.65
67.54
67.91
66.61
67.68
68.33
68.13
68.04
66.18
66.65
66.99
66.10
66.65
65.72
67.02
67.32
65.63
66.12
65.45
67.62
66.45
65.94
66.49
65.34
66.90
64.86
63.57
65.88
65.40
65.85
64.83
65.39
64.04
64.73
64.95
64.17
63.43
63.67
63.84
62.65
65.00
64.07
63.42
63.13
62.00
62.15
62.88
62.91
61.72
61.80
61.54
61.45
61.91
61.83
61.75
60.91
61.65
60.17
60.76
60.79
61.19
60.71
60.90
61.08
60.60
58.25
60.83
59.15
60.18
60.50
60.36
59.20
59.36
60.24
59.41
58.11
59.73
58.28
58.75
59.09
58.38
58.75
58.76
57.53
58.71
57.44
56.94
55.69
58.58
58.51
55.49
57.07
55.63
56.29
56.26
56.38
55.64
55.83
55.00
54.36
55.14
55.54
55.46
54.26
54.72
55.54
53.53
54.09
53.15
53.52
54.23
54.49
53.07
53.02
54.40
52.70
53.76
52.96
51.94
52.99
53.17
51.94
51.58
52.78
52.17
52.94
52.52
51.04
53.07
52.47
50.29
50.77
50.38
50.49
50.30
50.72
49.44
50.45
51.51
49.57
50.11
48.94
47.42
48.85
49.01
49.23
48.91
48.91
48.05
48.14
47.86
47.27
47.25
46.25
47.56
47.37
46.01
47.53
47.27
46.11
45.74
46.43
46.57
46.98
45.85
45.95
45.91
44.89
45.21
45.93
44.68
46.05
45.41
45.40
43.80
43.71
42.84
44.67
44.36
43.46
42.80
43.93
42.74
41.90
42.57
42.78
41.52
42.27
42.48
43.64
41.75
42.29
41.97
40.90
39.76
40.28
41.54
39.48
41.91
40.03
40.68
40.60
39.62
39.55
39.52
38.28
37.95
38.52
37.83
38.41
39.45
37.62
38.54
38.01
38.62
38.29
38.22
36.87
37.89
36.67
35.64
38.52
36.70
37.27
36.44
35.33
36.31
35.49
35.69
35.03
36.01
36.63
34.11
36.25
34.20
35.54
34.97
33.51
33.67
32.64
35.08
33.98
33.82
32.72
33.70
32.50
33.51
32.29
30.11
31.31
32.72
31.13
32.00
32.03
31.25
31.56
31.25
31.81
31.91
30.56
30.20
30.45
30.31
28.24
30.40
28.31
29.24
30.14
28.07
29.71
28.96
28.45
28.44
27.72
27.70
27.24
28.59
28.44
26.30
26.48
26.87
26.80
27.45
26.84
25.67
26.38
26.33
25.62
24.86
26.11
25.01
24.89
24.27
24.92
22.88
24.16
23.63
22.52
24.66
24.38
23.47
23.52
23.09
22.68
21.92
22.64
21.45
21.85
22.88
23.35
21.59
20.51
20.66
23.81
22.12
20.65
20.74
20.75
19.04
20.35
20.25
21.06
20.52
19.86
19.94
19.37
19.57
19.77
20.43
17.87
17.86
17.70
17.13
18.38
17.37
16.29
17.77
16.31
17.29
16.06
15.66
15.79
17.27
15.80
15.91
15.87
14.78
16.01
14.37
13.51
14.57
15.13
13.06
14.05
14.35
14.41
13.05
12.36
11.78
14.38
13.00
12.71
12.06
13.09
12.06
11.53
10.91
10.64
10.40
11.82
11.21
9.93
10.46
11.76
10.12
9.52
10.71
10.14
10.57
9.14
9.59
10.27
10.26
10.86
7.86
6.59
9.05
7.50
7.17
6.90
7.18
7.90
7.27
6.19
5.92
6.20
6.48
6.79
5.97
7.35
5.47
6.38
3.63
5.39
5.69
4.77
4.09
5.51
4.29
4.56
4.30
3.37
3.74
4.13
3.66
2.82
3.47
2.50
2.06
3.29
1.41
1.84
2.08
0.61
2.10
1.87
0.63
-0.91
0.10
0.98
-0.17
0.80
0.59
0.81
-0.69
-1.04
-0.25
0.35
1.66
1.51
1.53
1.43
3.03
0.87
1.69
1.83
1.98
3.78
0.32
3.46
2.68
2.41
3.36
1.97
3.11
4.19
3.90
3.84
3.82
4.87
4.87
4.48
4.53
5.66
6.29
4.24
6.28
7.16
6.76
6.55
6.80
5.60
7.14
6.99
8.54
9.50
8.27
7.94
7.44
8.86
8.93
8.71
7.35
8.74
9.03
8.91
10.25
7.71
9.63
8.59
10.92
10.64
11.40
8.83
9.21
11.51
10.19
12.41
10.91
12.43
12.96
12.85
11.43
13.85
12.77
13.04
12.46
11.34
13.67
13.60
14.23
14.78
13.11
13.13
14.94
15.01
14.19
14.53
13.82
15.49
15.40
15.86
15.77
15.08
17.59
16.60
17.52
17.11
16.21
16.43
18.91
17.12
18.77
18.99
16.74
18.66
16.74
18.55
20.67
18.87
20.72
18.93
19.03
20.16
19.60
19.59
20.90
19.15
19.75
20.75
20.41
21.34
20.78
20.73
21.77
21.89
19.90
20.45
23.93
21.69
23.64
21.10
22.50
22.79
22.20
23.26
22.24
24.01
24.33
23.61
24.73
24.23
24.76
23.13
25.62
25.89
25.71
25.03
24.10
24.85
26.11
26.74
24.97
25.25
27.76
25.69
27.97
27.93
28.15
26.15
28.31
28.12
28.48
27.90
26.63
27.45
28.31
28.81
28.55
29.00
28.44
29.40
29.44
30.48
29.75
28.85
29.97
31.29
30.47
31.12
30.35
30.18
31.36
31.01
31.66
32.28
31.79
31.60
32.05
31.39
31.95
33.36
31.29
34.50
34.21
33.89
33.01
34.05
34.17
33.26
33.30
35.25
33.99
34.67
34.59
36.59
35.60
35.16
36.62
34.35
35.22
34.95
35.56
36.48
37.09
36.26
36.43
37.66
37.00
37.25
36.85
38.76
37.58
36.70
37.80
39.12
40.05
39.15
38.43
39.76
39.26
40.09
39.68
38.10
38.77
40.58
39.96
41.63
40.26
41.92
41.05
40.60
41.13
39.69
42.89
40.53
41.29
42.11
41.11
40.48
42.72
42.23
41.75
43.88
43.43
42.75
44.01
43.58
44.29
44.11
42.87
43.24
43.54
46.34
43.04
44.63
45.37
45.51
45.99
44.33
45.49
45.98
46.15
46.66
46.18
48.39
46.02
45.83
47.04
46.84
48.83
47.18
47.78
46.76
46.68
48.44
47.68
47.35
48.10
47.01
47.88
49.77
48.70
49.30
47.87
48.74
49.78
49.46
49.76
50.27
50.82
52.09
50.14
50.63
48.59
50.03
51.61
50.99
50.81
52.14
53.11
52.40
51.02
52.14
52.85
51.17
51.74
51.41
52.47
52.40
53.94
52.48
52.99
53.45
53.21
55.10
54.59
53.78
52.40
54.53
55.53
55.30
53.61
55.22
56.01
54.35
57.02
53.47
53.40
54.50
54.53
54.89
55.23
55.39
55.95
56.83
56.75
55.35
57.16
56.00
57.95
56.27
55.73
56.93
57.42
57.04
57.19
57.52
56.92
59.16
59.72
59.01
59.32
60.38
59.83
59.06
60.97
59.97
58.83
61.26
60.82
59.95
60.71
59.31
59.68
60.82
59.74
60.84
60.35
61.31
60.71
59.93
62.08
61.82
63.18
62.62
61.89
62.13
62.50
61.25
61.88
63.35
62.65
62.90
63.46
63.43
64.18
63.42
61.77
65.03
63.68
63.00
64.86
63.83
62.32
63.86
65.56
64.43
64.40
63.92
65.36
66.37
63.94
65.93
66.48
66.08
66.37
67.84
65.52
66.52
67.07
66.72
66.75
65.36
67.10
67.08
67.89
67.88
67.06
67.16
68.21
67.83
68.56
69.50
67.05
69.77
68.76
68.06
68.70
68.80
69.86
68.98
67.49
68.19
70.16
68.40
66.93
70.43
70.87
69.94
69.39
70.70
70.56
70.56
69.63
71.48
69.41
70.32
72.02
71.06
71.02
71.01
71.48
71.97
71.30
69.92
72.58
72.13
71.51
72.86
71.34
71.81
72.58
71.66
73.03
73.92
74.13
72.40
73.00
72.56
72.38
74.39
72.56
73.24
73.14
72.21
74.29
73.11
74.19
73.96
73.93
74.72
73.98
73.69
75.12
74.84
74.08
74.58
75.06
73.72
76.62
74.84
74.74
76.00
76.78
74.71
76.34
74.93
77.18
76.42
76.06
78.08
75.94
76.92
75.99
75.34
76.12
77.66
75.44
77.04
76.85
77.39
76.92
77.65
79.64
77.83
76.89
77.17
77.14
77.11
79.27
78.54
78.22
77.55
78.11
78.11
79.15
77.81
76.91
77.27
77.18
77.83
79.81
79.25
78.42
80.00
79.19
78.29
80.31
79.78
80.01
80.04
78.97
79.31
80.33
79.29
80.30
79.24
79.87
79.61
80.86
80.33
80.25
80.55
81.86
80.29
80.52
81.58
82.09
82.02
81.92
81.25
82.29
81.00
82.67
80.70
82.57
81.81
81.26
81.37
82.68
82.21
82.37
81.98
82.33
82.24
82.10
82.53
81.96
83.23
82.36
82.55
83.35
82.67
82.95
83.22
83.23
82.48
83.47
83.52
84.67
84.05
82.83
82.09
83.57
84.47
83.66
83.11
83.09
83.86
85.04
84.32
83.70
83.94
84.08
84.15
84.79
83.55
84.77
84.67
85.24
84.84
84.89
85.64
83.59
84.26
86.13
86.50
85.81
84.91
85.16
84.21
86.32
83.97
85.99
85.10
85.91
85.50
86.56
86.61
85.39
86.29
86.96
85.71
85.67
86.12
86.09
85.58
86.18
87.01
86.81
86.53
87.18
86.39
86.27
87.34
87.51
86.63
87.37
87.46
87.14
87.18
85.91
87.13
86.16
86.75
87.15
85.63
86.63
87.70
86.31
87.96
88.57
86.13
86.49
86.81
88.81
88.26
88.18
88.47
86.55
87.37
87.73
88.61
88.12
87.61
88.81
87.44
88.79
88.24
88.10
87.05
88.29
87.27
87.76
89.76
88.45
87.73
88.25
89.31
88.23
88.33
89.12
88.46
88.59
88.64
88.69
89.12
87.22
89.01
87.67
89.75
89.40
88.80
89.09
89.70
88.62
88.00
87.10
90.00
88.82
89.37
91.15
89.33
89.63
88.51
89.15
88.72
88.31
89.34
88.63
89.86
90.80
89.14
88.00
89.27
89.01
90.27
89.23
90.59
89.20
88.99
90.48
89.00
89.46
89.23
90.03
88.96
89.10
89.63
88.47
89.99
90.30
91.47
89.56
90.20
91.34
90.28
90.75
90.54
89.08
89.08
89.55
90.48
89.02
89.33
89.89
88.83
91.07
89.11
89.91
89.71
90.12
91.52
88.99
88.73
89.02
90.09
90.04
89.73
89.44
90.34
88.93
91.03
90.55
90.09
90.50
90.17
89.35
87.93
90.57
91.29
91.15
90.17
88.63
89.66
90.67
89.70
90.56
90.40
89.39
89.37
90.21
90.02
87.87
89.23
90.79
91.56
89.95
91.55
88.96
88.51
89.59
90.42
89.70
89.74
91.23
88.93
90.34
89.55
89.71
88.94
90.80
91.32
89.56
90.10
91.77
90.00
90.00
89.21
90.78
88.36
90.85
89.52
89.19
90.00
88.70
90.12
88.75
89.56
88.21
90.94
90.89
88.00
89.84
89.09
89.95
88.56
89.97
91.01
88.32
89.35
89.24
90.54
89.93
90.32
89.07
88.91
89.67
89.92
89.26
88.59
89.46
88.07
88.81
88.45
90.99
88.93
89.55
88.05
88.55
89.35
88.86
88.30
90.30
89.22
88.24
88.30
89.29
88.88
88.54
88.72
87.67
87.52
88.81
89.49
87.52
87.56
88.28
86.78
89.66
88.60
87.08
88.75
88.78
87.90
88.63
88.27
88.15
87.47
86.73
88.47
89.72
88.19
88.92
87.29
86.78
89.05
87.59
87.59
87.42
87.07
88.42
86.98
88.16
87.87
87.66
86.98
88.35
88.47
85.80
87.43
86.35
86.37
87.77
88.54
87.17
87.01
88.13
85.15
88.37
87.62
87.65
86.72
86.73
86.28
85.86
85.62
86.72
86.74
85.93
85.61
86.22
86.01
86.80
85.89
84.84
85.83
86.48
84.45
85.26
86.75
86.44
84.73
85.13
85.98
85.45
86.00
86.19
84.54
84.36
85.38
85.68
85.45
85.52
85.22
84.19
86.18
84.61
83.28
86.47
84.16
85.35
84.87
86.19
84.78
83.41
84.40
84.57
82.45
84.13
83.02
83.25
83.65
83.76
83.96
84.25
83.67
84.20
82.75
84.82
83.96
82.68
84.85
82.56
82.53
81.99
84.65
84.20
81.29
83.53
82.65
81.38
83.49
80.74
82.95
83.00
81.12
81.86
81.54
82.18
81.35
81.83
80.94
80.76
80.43
80.13
81.85
81.23
81.24
81.45
81.00
79.92
79.96
81.48
81.07
79.16
79.89
81.23
80.04
80.44
80.20
79.64
80.05
80.09
80.43
78.93
79.95
79.25
79.83
78.80
79.66
79.84
78.79
78.77
78.64
78.42
79.71
78.26
78.84
79.01
78.87
77.91
78.89
75.68
77.60
78.06
78.04
78.41
76.81
78.45
77.80
78.58
76.40
78.25
78.05
77.80
77.32
77.43
76.87
76.59
76.68
76.79
76.67
76.78
76.95
76.69
76.38
75.32
75.71
78.14
76.27
75.31
75.76
76.36
73.82
75.87
74.63
75.12
74.15
73.48
74.98
75.80
74.55
73.98
73.37
75.02
74.60
75.71
73.48
71.66
74.70
75.06
73.37
74.70
74.70
73.50
71.85
72.79
72.84
71.73
73.11
72.31
72.02
73.50
72.09
72.68
72.30
71.37
71.38
70.85
71.48
71.46
70.87
71.46
70.81
70.26
70.15
70.71
70.39
71.21
70.35
71.02
71.69
69.91
70.32
70.39
70.93
69.46
70.14
70.69
70.77
70.47
69.45
69.64
68.86
68.27
68.33
66.55
68.72
68.91
68.92
68.75
68.83
67.51
66.91
66.78
68.08
67.57
66.56
67.41
69.28
67.26
67.16
67.27
65.99
66.89
65.44
66.92
64.29
66.54
65.84
66.49
66.56
65.13
65.05
65.36
65.67
65.60
65.98
65.38
63.65
63.43
64.59
65.64
64.19
64.00
63.92
64.62
64.14
63.51
64.13
63.40
63.73
62.34
63.25
63.67
62.04
62.54
62.96
62.14
60.44
60.99
61.95
61.46
61.24
61.07
60.43
62.57
61.26
60.90
61.01
60.41
59.37
61.59
58.16
59.32
59.63
59.53
59.87
59.32
61.42
59.69
61.05
58.84
59.68
58.93
58.13
58.78
58.70
57.92
60.37
57.74
57.11
57.58
57.30
58.02
56.14
57.37
56.82
56.65
57.40
55.29
55.18
57.96
56.10
54.61
54.98
56.10
55.45
54.91
55.74
54.87
57.04
55.24
55.23
52.81
54.75
54.98
54.17
53.57
53.44
53.76
53.11
53.18
53.32
53.67
52.19
51.85
52.08
51.88
52.08
53.13
52.02
51.81
52.33
50.66
49.98
52.31
52.45
51.77
50.25
50.55
50.76
50.66
50.08
50.29
50.00
51.13
51.43
49.48
49.16
48.99
48.06
48.30
47.56
48.11
47.26
47.94
47.51
47.88
47.79
47.33
49.58
46.54
47.12
47.89
47.82
47.02
48.04
47.13
47.73
44.83
45.01
46.18
47.85
45.22
45.60
45.80
44.92
46.10
45.47
46.35
44.69
43.60
43.74
44.44
42.60
42.45
41.58
44.42
43.06
43.34
42.99
43.45
42.95
43.77
42.60
43.27
43.38
42.09
42.90
41.71
41.01
41.55
41.54
39.59
40.20
41.09
41.50
40.47
39.79
39.01
39.17
39.83
40.39
40.28
39.45
39.05
39.28
39.82
38.92
39.05
38.92
38.23
37.42
37.11
38.90
38.05
38.90
36.64
36.87
38.06
35.70
36.53
35.94
35.10
35.79
35.29
35.75
35.75
34.30
35.46
34.32
35.55
34.38
35.19
35.04
33.67
33.81
35.28
34.08
32.67
32.27
32.61
33.29
33.35
32.43
32.69
32.99
33.27
32.27
32.71
32.23
31.73
30.25
32.07
31.41
32.14
32.53
30.45
29.15
29.66
30.69
28.89
28.97
31.25
30.70
28.82
29.67
30.08
28.16
27.59
28.50
28.29
27.93
26.67
28.10
27.23
27.98
28.07
26.55
26.64
27.31
26.97
26.04
25.92
26.62
25.99
25.44
24.87
24.06
25.20
25.49
26.57
25.62
23.80
25.30
23.84
22.98
22.96
23.26
23.21
22.89
23.10
23.33
21.87
23.27
24.03
21.93
21.82
22.71
22.40
22.11
23.40
20.97
21.73
20.29
18.99
19.69
18.84
20.99
20.28
18.96
20.73
19.01
20.33
18.43
17.56
18.48
18.80
19.45
17.41
18.00
19.00
17.34
18.71
18.08
17.59
17.12
16.59
15.02
16.27
14.46
16.37
15.74
16.61
15.62
15.70
15.88
14.77
14.60
15.36
14.61
14.97
13.71
15.68
15.09
13.80
12.76
13.65
14.06
12.23
12.17
13.41
12.56
11.79
12.13
11.93
10.84
11.28
12.76
12.06
10.11
11.07
11.29
9.58
10.04
9.34
10.48
10.79
9.81
9.56
9.75
8.25
9.88
8.67
8.14
8.94
7.80
8.07
6.71
9.09
7.66
7.46
7.37
6.58
6.79
6.93
6.57
6.49
7.29
5.19
5.39
6.55
6.35
5.63
6.32
5.25
3.08
4.30
5.00
4.71
4.89
3.51
3.21
3.63
1.53
3.26
1.64
1.65
3.54
2.37
1.57
1.94
1.98
1.21
2.21
1.87
1.01
-0.50
1.12
0.42
0.25
0.57
0.12
0.51
0.31
1.35
1.10
0.73
-0.05
1.27
2.58
3.37
1.08
2.88
2.57
3.15
1.49
3.29
2.97
2.29
3.22
2.64
4.21
4.62
4.20
3.38
3.23
4.75
4.45
5.53
5.50
4.47
5.06
6.33
7.30
8.01
5.80
6.62
7.43
6.81
7.21
7.65
6.47
7.07
7.17
9.00
7.80
8.52
5.20
8.00
7.42
9.10
7.55
7.61
7.50
9.27
9.80
8.71
10.82
10.54
10.22
9.70
10.36
11.04
9.96
11.63
11.36
10.94
12.33
10.52
11.09
11.64
13.44
13.17
12.12
12.91
13.40
12.68
14.95
14.33
13.37
13.44
13.68
15.37
14.42
15.11
14.75
16.18
15.39
14.94
15.17
15.67
16.04
17.64
17.27
16.46
16.92
18.32
18.04
17.59
16.53
17.54
18.86
17.95
17.91
18.90
17.36
18.91
19.39
18.74
19.54
19.89
19.75
19.50
19.77
20.18
19.80
21.33
18.96
21.14
20.02
19.01
21.98
21.30
22.20
21.63
22.71
21.83
21.60
22.70
24.13
21.34
24.30
24.43
23.42
24.62
24.14
24.22
24.93
24.62
24.83
23.48
25.22
24.76
25.39
25.76
25.25
25.46
25.69
26.90
25.93
27.16
25.34
26.64
25.57
27.52
26.85
26.55
28.19
27.32
26.63
28.38
29.59
28.58
28.02
27.63
27.11
29.01
28.00
28.40
29.68
30.90
29.99
30.78
30.04
31.64
31.13
30.39
30.78
31.32
31.08
30.72
31.08
32.55
31.32
32.31
31.43
32.90
30.62
32.19
32.46
33.58
35.03
33.21
34.12
33.60
34.78
33.46
33.90
35.05
34.07
35.26
36.20
36.01
35.55
35.90
35.55
35.64
36.39
37.60
35.68
37.35
37.30
36.69
37.38
36.50
37.74
37.34
37.82
39.25
38.34
39.77
37.52
38.91
39.16
38.82
40.44
37.98
39.59
40.04
39.55
41.32
39.59
38.28
38.94
40.62
39.63
41.48
39.77
39.49
41.19
41.50
41.22
40.63
40.46
42.51
43.48
41.51
41.29
42.99
42.10
43.88
40.39
44.66
42.00
43.13
44.19
43.58
43.82
43.27
46.58
45.20
43.62
44.63
44.55
45.67
45.77
44.63
45.56
46.63
45.82
47.02
44.48
45.53
45.37
47.56
47.61
47.89
46.52
47.08
46.42
47.52
47.34
47.86
47.35
49.01
48.12
48.48
48.91
47.60
47.69
50.25
48.24
49.67
51.15
49.21
49.72
49.20
48.86
50.63
50.16
49.89
49.96
51.75
50.71
51.20
51.39
51.44
49.91
50.58
51.90
52.87
51.30
52.76
51.63
51.98
52.71
54.51
53.73
51.98
52.91
52.96
52.76
52.03
54.21
53.35
54.31
53.54
54.95
53.99
56.09
54.78
54.83
55.22
54.13
54.27
55.84
54.61
55.84
54.78
55.67
55.38
56.83
56.61
57.60
57.38
56.91
56.33
56.63
57.44
58.83
56.97
56.73
57.72
58.67
57.11
58.28
58.87
59.94
57.56
58.72
59.45
57.74
59.89
58.54
59.34
61.11
60.19
59.53
60.69
60.27
59.64
59.95
60.01
61.81
60.16
60.94
61.86
60.26
60.73
60.43
62.93
62.89
62.25
61.03
61.51
62.18
61.63
62.73
61.85
62.69
62.34
62.44
63.02
62.25
62.82
63.83
64.72
64.75
62.79
64.27
64.68
64.63
63.30
63.04
64.05
64.39
65.44
63.78
64.21
64.85
64.79
65.64
65.64
65.92
65.84
66.52
65.23
67.98
65.44
65.99
66.45
67.14
67.38
67.56
65.30
67.15
66.95
67.31
67.33
68.12
67.36
68.23
68.26
68.09
68.58
69.46
68.17
68.31
67.61
69.32
68.94
69.23
69.54
67.26
69.86
68.07
68.68
68.76
67.87
70.23
70.34
71.08
70.64
70.23
68.35
71.20
71.76
73.06
69.62
70.69
71.15
71.95
71.85
70.70
72.46
71.94
72.88
73.19
72.22
73.00
73.37
72.31
71.42
72.20
74.76
72.62
72.07
73.81
71.95
72.60
74.87
74.91
74.75
72.58
74.97
74.21
73.06
74.10
74.71
73.71
73.94
75.53
74.15
75.40
74.65
75.00
72.29
74.89
74.76
74.16
75.29
74.83
76.14
75.92
75.69
74.04
76.31
76.67
76.15
75.39
76.97
76.61
76.80
75.19
77.17
74.98
76.76
76.69
76.73
76.45
76.85
77.99
77.61
79.13
77.68
77.93
77.17
78.04
78.78
78.00
79.13
79.61
78.07
78.32
78.03
78.99
77.66
78.31
78.40
79.65
78.87
79.60
79.40
79.78
79.51
78.45
77.71
79.61
81.73
79.87
79.19
80.70
79.33
80.92
78.89
79.37
79.36
79.40
80.67
80.28
82.78
81.91
80.30
81.57
80.19
81.05
79.72
81.20
80.96
82.34
82.92
82.17
81.36
81.25
83.07
81.52
81.90
81.41
82.60
81.87
81.52
83.98
81.28
83.09
82.87
82.74
81.73
83.67
81.63
82.66
82.42
82.75
84.14
82.94
82.34
83.03
83.64
83.40
83.59
82.32
83.74
81.83
82.74
83.84
82.27
83.91
83.95
82.69
84.45
83.43
83.53
82.49
83.25
84.22
83.70
85.99
84.19
82.34
84.61
86.21
85.34
85.50
84.83
84.71
85.65
84.26
84.99
84.69
85.01
84.86
84.75
85.98
84.88
85.43
84.92
86.20
85.00
86.07
86.88
87.10
84.36
85.31
84.98
86.93
86.45
85.53
86.53
86.22
87.59
88.30
86.19
85.43
86.68
85.56
86.86
86.74
86.08
87.54
86.93
87.58
87.26
87.59
85.07
87.99
86.58
89.13
86.25
86.30
86.44
85.69
87.89
88.25
87.20
87.66
89.88
86.77
88.56
88.25
86.68
87.55
88.43
88.27
90.06
86.62
87.16
87.64
87.45
89.62
87.95
87.75
88.41
88.68
87.54
89.62
89.13
88.67
89.92
88.34
89.09
88.68
87.94
88.11
89.61
87.82
90.05
88.89
91.03
88.76
89.88
89.15
87.71
89.49
90.12
88.12
89.78
88.66
89.42
88.51
89.69
90.98
89.13
87.79
88.48
88.86
90.74
89.30
89.81
89.07
90.27
89.13
90.16
91.48
88.50
88.75
91.28
89.31
88.99
90.52
89.28
88.92
90.22
89.20
88.02
90.10
89.53
91.07
88.47
90.41
87.97
90.37
88.67
90.50
89.34
90.81
91.09
89.42
87.79
90.75
89.87
90.79
89.88
90.37
89.98
89.86
89.95
90.81
90.37
89.51
89.44
89.81
90.29
90.16
90.71
88.36
88.42
90.77
89.47
89.85
90.56
90.69
90.53
90.12
89.23
91.62
89.91
89.71
90.81
89.48
89.92
91.11
89.25
90.15
91.43
89.04
91.30
90.85
89.40
89.20
87.79
89.60
89.38
89.90
90.23
89.34
90.05
89.84
90.09
90.20
89.47
91.08
90.84
90.22
91.10
88.16
88.65
89.96
89.93
90.18
89.75
90.75
90.65
89.45
89.27
89.12
89.26
91.53
89.46
90.55
89.06
90.53
89.63
89.47
89.21
89.14
89.57
89.40
90.60
88.33
89.69
90.06
90.02
88.41
89.40
89.24
90.01
89.42
90.13
90.54
89.03
90.01
89.09
89.18
88.94
88.50
89.64
89.70
88.37
88.68
90.31
89.27
90.09
89.19
88.99
88.69
90.33
89.25
87.96
88.58
88.17
88.52
89.25
88.34
89.51
88.72
89.63
89.76
88.45
88.19
88.78
88.78
88.38
86.62
87.51
87.42
87.80
88.54
88.88
87.82
88.39
87.35
87.98
88.36
86.81
88.28
88.57
88.25
88.61
88.75
88.19
87.51
87.99
87.84
87.78
87.64
88.25
87.51
88.30
86.71
87.28
87.04
88.55
87.84
87.09
86.21
86.43
88.04
87.66
88.01
86.88
87.87
86.69
87.21
87.04
87.03
88.56
86.79
86.82
87.93
85.55
85.64
86.32
85.98
86.68
87.64
85.82
86.85
86.31
87.11
85.63
86.94
85.33
87.59
86.15
85.52
84.03
86.46
85.46
86.26
86.11
85.77
85.07
85.75
84.83
85.32
83.71
86.41
85.12
85.54
86.20
84.21
84.05
84.92
85.99
84.00
85.29
85.63
84.71
83.01
83.76
83.58
84.49
83.41
84.21
82.82
86.39
84.35
83.74
84.35
81.37
83.65
85.08
83.67
84.52
83.82
83.95
83.92
83.78
84.85
83.73
83.76
84.03
83.65
81.16
83.54
82.53
83.03
82.27
82.66
81.77
82.99
82.02
82.29
82.33
82.17
83.20
82.08
82.65
82.98
82.75
83.35
82.23
81.46
81.17
81.25
82.57
81.44
81.88
80.67
80.60
79.92
80.45
80.50
81.43
79.74
81.79
81.51
77.86
79.88
79.66
80.09
79.13
78.96
79.36
80.28
78.78
79.92
80.82
78.80
79.28
78.30
80.37
78.47
77.74
78.53
78.83
78.99
77.62
77.87
78.25
78.50
77.41
78.77
77.60
77.73
78.46
78.81
77.91
78.74
77.85
77.40
77.18
77.00
77.68
77.49
76.98
76.57
77.33
76.94
76.86
77.32
77.71
76.24
76.20
76.60
75.26
75.87
76.89
75.47
74.89
74.33
77.04
75.02
76.36
76.43
72.80
77.98
74.86
75.01
74.01
74.01
73.59
74.43
73.26
73.93
74.14
74.67
74.07
75.28
74.26
72.69
72.78
74.19
73.93
72.74
72.81
73.35
72.77
72.56
71.94
71.86
72.18
71.24
71.36
72.82
71.57
72.74
72.51
72.75
71.21
72.14
71.30
71.90
70.47
71.85
70.52
71.00
70.09
69.61
70.66
68.47
70.98
70.46
69.48
70.57
69.88
69.10
69.88
68.85
68.41
68.98
68.56
69.99
70.55
67.87
67.82
68.69
68.62
69.71
69.00
67.82
69.60
69.50
67.92
67.50
67.62
67.94
68.83
67.42
67.28
67.82
65.97
67.45
67.99
67.17
66.21
67.36
65.79
67.36
65.57
66.02
66.17
66.68
64.03
65.22
65.94
65.27
64.91
64.83
65.65
64.67
63.86
64.03
64.67
64.12
63.56
63.27
63.31
64.36
62.02
62.97
63.70
62.53
61.70
62.67
62.81
63.63
63.55
61.96
62.50
63.09
62.13
62.37
61.56
61.37
62.20
60.74
61.21
61.97
61.18
60.73
61.69
60.51
61.36
59.58
61.29
60.49
60.08
57.52
60.90
58.99
58.98
59.38
60.44
59.40
58.59
59.09
59.15
58.83
58.98
59.26
58.84
58.99
56.57
57.23
59.09
57.91
56.29
56.64
57.13
55.71
56.49
57.85
57.38
56.72
56.82
55.86
55.77
55.49
54.38
55.38
55.03
54.38
55.04
52.32
53.86
53.55
54.30
54.21
55.11
53.84
53.42
53.83
52.65
53.72
53.11
54.29
52.94
53.11
51.59
50.97
51.59
52.15
52.06
53.38
52.13
49.19
51.45
50.40
50.98
50.48
49.81
51.38
49.22
51.14
50.76
49.95
50.21
49.96
50.72
48.64
49.94
50.13
48.62
48.43
48.62
48.07
48.18
47.56
47.08
47.66
47.80
47.53
47.25
47.00
48.55
46.61
44.68
45.63
46.70
44.96
45.93
46.95
45.18
45.36
47.01
44.49
44.58
44.67
44.92
44.96
44.81
44.76
43.89
45.03
44.08
42.57
43.87
43.95
42.77
42.83
43.28
44.11
42.59
42.21
41.39
40.82
42.43
42.40
43.43
41.66
41.09
42.26
40.75
40.70
42.07
39.64
41.11
40.95
40.28
40.24
40.23
41.04
41.30
38.96
39.88
38.09
39.29
37.94
36.89
38.83
39.24
39.43
38.61
37.58
36.15
36.46
37.46
37.78
37.35
35.80
37.69
37.17
36.30
38.40
36.52
37.08
35.77
36.08
34.84
36.35
34.32
34.26
34.75
34.62
34.24
33.54
34.16
33.51
32.60
34.52
35.24
33.47
33.77
33.71
33.13
33.96
32.50
33.42
33.26
31.58
31.80
32.63
31.54
30.56
32.22
31.81
29.39
30.21
30.26
31.27
30.71
30.35
28.78
30.17
30.33
29.50
29.41
27.67
28.68
28.88
28.01
27.81
28.91
27.67
27.18
28.87
27.02
28.14
27.51
28.17
26.78
26.06
26.59
27.51
25.41
26.55
24.46
28.02
25.17
25.11
24.90
26.14
24.82
25.09
22.87
24.36
23.75
23.58
23.43
23.65
22.50
23.12
22.97
23.22
21.85
22.61
21.58
21.04
21.42
21.96
21.09
20.96
21.82
20.67
21.51
21.07
21.62
20.80
19.38
21.11
19.56
20.13
19.14
20.15
18.47
18.06
17.76
18.41
17.38
17.89
19.58
18.45
16.56
16.57
17.67
17.51
15.39
18.21
17.12
16.71
16.20
16.76
17.06
15.64
15.69
14.95
15.36
15.91
14.42
15.23
12.88
13.47
14.91
13.32
13.51
13.26
12.68
13.80
12.97
11.94
13.04
11.55
11.29
12.16
11.59
12.25
11.32
11.50
11.80
10.53
9.81
11.23
9.99
10.32
10.34
9.30
10.20
9.02
8.95
8.29
9.29
10.58
9.25
9.13
9.30
9.51
8.57
7.41
9.42
8.29
8.54
6.61
7.72
6.81
6.10
6.12
5.90
5.60
6.54
7.21
6.14
5.35
4.51
4.68
5.76
5.93
3.98
2.72
3.55
4.17
4.97
3.92
3.86
4.96
2.54
3.02
3.29
2.89
2.53
3.69
1.90
3.05
1.25
1.78
-1.00
0.05
0.21
1.76
0.64
1.73
0.70
-0.00
0.55
0.42
0.29
-0.61
-0.52
1.57
2.05
2.56
2.13
1.71
1.21
2.34
2.79
1.40
2.16
3.19
1.81
3.48
2.92
2.62
2.92
4.36
4.89
3.80
4.46
3.57
3.28
4.44
5.91
5.25
3.61
5.25
4.80
6.04
7.83
6.19
6.87
7.44
5.60
7.18
6.97
8.34
6.75
8.44
6.99
9.20
8.01
8.85
9.20
9.57
10.20
8.43
9.27
9.64
10.79
10.21
10.04
10.33
9.90
11.12
10.51
10.78
11.56
10.01
12.78
11.16
13.40
12.06
11.87
12.37
13.37
12.38
12.86
13.31
14.24
14.08
14.06
11.89
13.10
14.01
13.86
15.88
15.13
14.65
15.02
15.75
14.30
15.09
16.25
15.99
15.46
15.43
16.15
16.23
17.11
17.77
16.56
16.17
17.78
17.07
17.53
17.27
18.06
18.62
18.00
17.50
19.53
18.24
18.16
20.18
20.13
19.99
20.26
19.63
20.63
21.39
20.15
20.91
20.53
21.63
21.41
21.21
20.79
20.61
20.48
20.62
22.40
22.79
22.36
22.91
23.06
22.33
24.68
23.20
24.45
24.90
24.62
24.28
25.11
25.04
24.30
24.48
25.75
26.39
25.33
26.18
26.29
25.98
26.75
27.05
27.98
27.34
24.77
26.22
26.24
27.46
28.34
28.55
29.11
27.18
28.25
28.46
29.22
28.38
28.96
28.37
30.38
29.16
30.02
28.82
30.77
31.26
30.04
30.05
31.23
31.29
31.27
31.10
30.27
31.56
31.27
32.57
32.34
32.13
33.29
32.43
31.12
32.18
30.32
33.33
33.58
34.98
34.70
34.28
34.00
35.43
34.01
33.28
34.75
34.87
35.91
33.69
36.12
35.76
33.14
35.44
34.95
36.64
35.61
35.97
36.90
36.47
36.23
37.21
37.20
37.24
37.61
37.34
37.92
38.17
37.29
36.05
38.13
38.86
38.44
38.78
38.24
39.51
39.33
39.18
39.46
39.19
40.99
39.58
40.10
41.41
41.53
40.01
40.44
40.54
41.06
42.67
43.30
41.75
42.72
42.90
42.16
42.78
42.58
41.04
42.83
41.72
42.78
43.03
44.25
43.19
43.99
45.53
45.00
44.49
45.18
44.95
44.80
45.15
45.24
45.40
44.54
46.40
44.78
44.80
46.72
45.45
46.62
44.96
47.03
46.46
46.99
47.22
46.90
47.80
46.56
47.48
48.99
50.70
49.03
49.20
48.97
48.79
48.11
48.23
47.50
47.29
49.71
49.93
49.83
49.77
50.50
50.59
48.99
50.59
51.00
51.08
50.39
48.86
50.58
51.47
51.87
51.77
51.20
52.49
52.62
49.77
51.64
51.90
53.31
53.11
52.52
51.85
52.92
52.27
53.70
54.94
52.93
53.16
54.31
53.90
54.83
55.36
55.16
54.12
54.35
56.14
56.23
55.76
56.20
55.39
56.61
55.97
55.75
54.30
56.93
55.48
57.37
56.19
56.92
56.00
57.55
56.46
57.95
58.06
56.45
57.50
58.97
57.70
58.42
60.03
58.09
59.43
58.09
58.58
58.63
60.04
59.20
60.34
59.60
59.27
59.53
60.82
60.62
61.08
61.08
59.85
60.25
60.47
60.84
60.87
60.61
62.24
60.75
61.03
61.71
62.91
62.61
63.09
62.16
61.68
62.50
62.86
61.55
62.14
62.63
62.26
62.66
62.72
63.17
63.64
62.71
63.15
63.88
65.14
64.76
64.03
64.77
64.45
64.93
65.33
66.60
65.58
66.92
65.79
64.80
65.70
65.22
65.79
66.14
65.65
66.07
66.06
65.65
66.35
66.44
66.56
66.90
67.11
66.81
68.10
68.34
68.22
66.80
67.33
67.58
66.63
67.14
68.47
67.70
69.66
68.90
69.25
68.17
69.01
69.45
68.78
70.37
68.52
69.72
70.05
69.63
68.04
69.86
70.52
69.12
68.27
70.26
70.85
71.53
71.49
70.00
70.56
71.66
72.18
70.43
71.22
71.59
71.11
71.43
71.61
72.86
73.19
71.59
72.92
72.65
72.80
71.92
73.34
71.19
72.42
72.96
73.47
72.38
72.86
73.43
74.70
73.64
73.37
73.56
74.20
74.23
74.12
75.15
73.74
75.55
75.23
74.54
74.46
73.59
74.04
75.38
75.16
74.96
75.18
75.66
76.10
75.27
76.18
76.17
76.31
76.63
75.48
75.86
76.32
76.55
76.35
76.63
76.74
77.33
77.46
76.92
76.28
76.21
78.64
77.50
78.42
78.13
77.82
76.78
78.40
77.30
78.44
77.65
77.12
78.76
77.17
77.82
79.54
77.16
78.62
79.70
77.80
79.13
78.65
80.21
79.21
79.44
80.16
78.97
78.25
80.53
79.92
79.26
79.21
78.71
79.62
79.55
78.55
81.42
78.66
80.29
79.05
81.51
82.20
81.60
81.69
80.31
81.64
82.55
79.89
82.40
80.54
82.20
80.96
81.03
82.12
80.49
82.43
82.40
82.35
80.04
82.30
81.87
81.20
82.96
83.98
81.81
83.46
82.31
82.60
82.23
83.78
82.60
82.72
83.60
83.70
83.65
82.25
83.11
83.72
82.27
83.12
83.97
82.07
83.92
82.82
84.06
83.48
83.14
82.80
83.54
84.31
84.20
84.47
84.17
85.37
84.42
85.86
85.62
82.77
85.85
85.64
84.95
83.56
84.78
84.99
84.95
83.83
84.56
85.09
86.83
85.41
86.26
85.26
85.77
85.61
86.29
85.35
86.00
85.32
85.78
86.93
86.67
85.97
85.15
86.13
85.73
85.70
86.35
87.39
85.74
86.38
87.52
86.94
87.39
87.52
84.74
86.16
85.48
87.40
86.17
88.47
87.87
86.40
86.66
86.98
86.63
86.34
87.74
87.75
87.18
87.44
86.97
88.07
87.71
87.17
85.42
86.41
87.19
86.93
87.89
88.53
86.79
88.64
88.44
87.12
88.10
87.14
87.96
88.22
86.50
88.47
87.64
89.29
87.88
88.59
86.86
88.96
88.41
89.28
87.71
88.73
88.84
89.23
87.86
87.80
88.52
88.24
89.21
88.66
88.87
89.07
88.76
89.29
88.95
88.37
88.84
88.29
88.18
90.43
88.88
87.46
89.21
88.45
87.43
88.30
89.14
87.99
89.96
89.97
89.83
89.94
89.00
88.21
86.56
89.90
90.03
90.94
88.87
89.42
88.53
90.18
89.78
88.77
89.81
89.86
90.34
88.78
89.52
89.04
89.02
89.45
89.79
89.88
89.67
89.14
89.42
89.44
87.78
88.56
89.48
89.88
90.56
89.78
89.61
90.38
91.29
89.28
88.73
90.61
89.97
90.53
90.00
90.82
89.36
92.46
89.28
90.12
89.29
89.08
89.18
90.41
90.95
89.55
89.53
89.81
89.96
90.46
90.46
90.76
89.90
90.30
90.97
88.84
89.17
90.47
89.12
89.22
90.86
89.76
90.29
89.97
89.70
88.92
89.96
89.58
87.87
88.74
90.04
89.52
89.29
90.30
89.39
90.03
88.63
90.81
89.32
90.76
90.79
91.17
89.54
89.83
90.02
89.51
89.93
90.67
90.38
90.06
90.24
88.99
90.51
88.73
90.36
90.09
89.34
90.22
89.81
90.04
89.05
89.88
89.00
89.00
89.07
90.37
88.75
91.09
89.30
89.60
89.46
90.17
89.37
88.94
89.65
90.43
88.30
89.55
88.25
88.49
88.55
87.85
88.73
89.57
89.64
89.01
90.44
89.72
89.40
88.74
88.57
88.78
87.54
89.18
88.65
88.46
90.01
90.15
88.98
87.06
89.81
88.85
87.90
88.39
87.24
87.48
88.87
88.86
88.15
88.89
87.15
88.89
87.31
88.11
88.11
87.52
86.98
87.83
87.93
88.02
87.39
86.29
88.02
87.44
88.08
87.93
87.10
89.01
86.74
88.70
87.14
87.03
86.84
88.04
87.64
86.72
85.85
87.53
87.62
88.21
86.52
87.60
87.30
87.96
88.08
86.23
86.94
86.40
87.01
86.78
87.82
87.11
87.76
86.71
86.03
86.52
86.51
86.19
86.01
86.29
85.18
85.80
85.64
85.49
85.94
85.36
86.43
85.66
84.88
86.62
85.85
85.74
84.50
85.63
86.05
85.86
86.46
85.71
86.63
86.17
84.86
86.50
85.36
83.73
85.17
85.46
84.96
85.24
84.59
85.11
85.43
84.64
84.34
84.72
83.69
84.26
83.80
83.13
83.76
85.27
83.35
85.81
84.20
84.53
83.93
84.89
83.25
83.40
85.07
83.87
82.90
84.65
82.36
83.65
81.88
82.43
81.90
84.93
83.03
81.64
83.86
82.53
82.73
81.28
82.83
81.82
81.89
82.71
81.33
81.67
82.35
82.28
81.73
81.96
83.12
80.55
81.96
80.63
81.95
80.04
80.09
80.55
78.42
80.82
81.67
82.43
79.93
80.97
80.14
79.72
79.48
81.08
79.48
79.58
79.97
79.40
80.46
79.32
80.28
79.72
79.71
79.46
78.91
78.76
79.52
79.46
79.28
79.84
78.47
79.09
80.01
80.64
80.47
76.87
78.00
78.42
76.68
77.93
78.61
78.16
78.51
78.01
77.01
77.68
76.33
77.84
76.66
76.95
76.96
75.74
75.47
77.02
76.35
76.53
75.49
76.44
76.39
76.63
75.49
76.84
75.12
76.49
76.45
75.49
75.35
75.11
74.58
75.01
74.97
75.82
75.64
76.22
75.10
74.21
76.33
74.28
74.08
74.53
75.03
73.85
73.47
74.57
72.39
73.59
73.91
73.59
72.02
73.26
72.80
72.41
73.40
72.63
73.39
73.30
73.08
72.42
71.76
72.08
72.37
73.59
71.80
71.30
71.72
69.99
71.03
70.69
71.29
71.37
70.90
71.35
70.49
70.97
69.97
70.84
69.80
69.44
70.08
71.32
70.53
70.74
69.53
69.85
68.89
69.36
70.83
67.95
68.56
70.33
68.67
68.72
68.83
69.03
68.24
68.99
67.90
67.96
68.73
67.84
68.24
66.40
68.56
65.98
67.87
66.60
67.02
68.94
66.23
66.49
65.58
65.48
68.22
66.30
65.49
67.01
66.08
66.61
66.57
65.38
65.19
64.18
64.67
65.19
63.92
65.14
64.33
64.50
64.02
63.73
63.72
64.17
63.01
64.94
64.29
63.63
63.16
63.99
62.78
62.84
62.93
64.14
63.40
63.10
62.84
61.93
61.09
62.90
62.07
62.85
61.37
61.35
61.33
61.02
61.35
60.13
61.80
60.75
61.84
60.19
60.15
59.06
59.39
59.81
59.91
59.23
60.40
59.15
58.90
59.47
58.92
57.97
59.69
59.74
57.91
57.47
58.08
58.08
57.62
58.21
58.03
57.78
56.95
56.35
57.07
58.19
56.20
56.76
56.77
56.50
55.11
54.85
56.22
54.54
57.09
56.54
56.71
55.01
54.94
54.47
56.80
54.03
54.50
55.37
54.75
54.22
53.65
52.63
52.71
52.61
54.32
54.61
52.90
53.53
52.29
52.19
53.44
51.09
52.67
51.34
52.24
51.29
51.64
51.80
51.15
50.85
51.71
52.11
50.43
49.69
50.23
49.77
50.90
50.89
48.55
47.71
49.57
47.99
48.64
48.91
49.63
48.97
49.44
48.72
49.72
47.58
48.02
48.17
48.14
46.38
47.47
47.92
46.27
47.54
46.65
46.59
47.23
47.23
46.47
43.69
45.42
45.14
45.79
45.99
46.32
44.42
45.17
44.11
43.74
42.85
46.34
43.94
44.67
44.33
43.21
44.69
44.45
43.86
42.84
42.36
44.25
41.87
41.21
42.79
42.47
42.06
42.08
40.70
41.59
41.19
42.25
40.17
39.57
40.81
41.34
39.56
41.30
39.33
40.46
39.71
39.38
38.62
39.17
38.42
38.26
39.41
38.81
38.46
38.03
38.01
38.18
38.66
37.34
36.93
35.22
37.17
36.48
36.00
35.45
37.12
36.03
36.71
35.65
35.75
36.04
34.75
35.77
35.20
35.16
34.43
35.14
34.02
35.14
34.48
34.60
35.25
33.94
34.00
34.56
33.82
33.10
32.96
32.01
32.63
33.72
31.70
33.15
32.86
31.73
33.55
31.89
31.39
31.51
30.49
30.07
29.87
31.42
30.27
29.08
29.71
30.99
30.97
29.16
28.65
28.27
27.67
28.78
26.83
28.44
27.58
28.96
27.73
27.58
27.99
28.42
26.90
26.45
26.78
26.20
26.51
27.47
25.41
25.43
25.82
25.54
25.47
23.79
25.46
24.43
25.88
23.09
26.03
23.60
24.67
24.08
21.60
22.38
23.81
24.98
22.67
20.04
21.69
22.88
22.62
22.25
22.48
21.94
22.97
21.84
21.53
20.64
22.39
19.17
19.67
19.25
20.41
20.25
19.62
19.32
19.39
19.38
19.29
18.93
18.90
17.97
17.71
17.97
18.52
16.63
18.94
19.20
18.56
18.71
16.26
16.78
17.07
15.93
16.43
17.11
14.94
15.35
15.17
15.67
15.59
14.68
14.56
14.59
14.16
13.63
14.66
15.13
14.80
14.28
14.07
11.88
12.45
12.50
13.68
11.91
10.33
11.45
11.72
11.92
11.93
10.99
12.46
11.22
10.36
8.69
12.02
10.87
10.36
9.58
10.28
9.95
8.56
8.79
10.15
7.66
8.94
8.65
8.45
8.06
8.47
8.28
8.32
8.95
7.11
8.79
7.63
6.80
5.98
5.99
6.42
6.15
6.13
6.73
5.65
6.05
5.67
4.01
4.51
3.13
4.58
5.87
3.26
3.83
5.30
3.66
5.20
3.76
2.76
2.57
1.22
2.90
1.96
3.86
2.23
0.72
2.28
1.92
2.05
1.17
0.58
1.03
0.92
1.11
-0.16
-1.87
0.23
0.28
1.49
0.74
0.44
2.08
2.02
1.05
1.27
2.36
2.81
3.51
2.30
2.98
2.56
2.40
3.39
2.34
4.65
4.63
2.89
3.94
4.30
3.58
4.88
5.21
5.67
6.13
4.69
4.41
4.82
5.40
4.79
5.20
7.53
4.77
5.76
6.53
5.68
7.97
6.84
7.14
7.61
8.18
7.96
7.31
7.07
7.86
9.52
8.56
9.92
9.30
8.76
10.57
10.65
10.21
9.86
9.75
10.39
9.48
10.42
10.36
11.23
11.55
11.90
11.29
11.67
11.15
12.54
12.85
13.33
12.73
12.36
13.03
14.46
12.88
13.28
14.08
13.86
14.78
13.93
13.49
14.08
14.27
13.90
15.08
15.47
14.86
16.09
17.35
14.82
16.61
15.21
16.05
15.78
17.13
17.83
17.05
17.20
18.82
17.80
18.48
17.82
18.80
18.40
18.88
19.02
18.51
18.96
19.02
19.73
19.50
19.67
19.09
20.85
21.11
20.15
21.32
20.55
21.45
21.13
21.97
21.65
21.79
22.57
21.85
22.54
21.93
22.58
22.68
22.94
23.22
22.89
23.68
24.33
24.55
24.95
23.92
24.16
23.79
24.30
26.37
25.66
25.53
24.79
24.98
25.95
27.36
26.92
26.36
27.44
26.88
27.14
26.22
26.27
26.55
27.61
27.78
27.63
28.72
27.98
27.11
29.87
29.52
29.00
28.06
29.74
29.59
29.75
28.25
30.72
30.64
30.66
29.14
30.33
30.94
29.60
30.56
31.94
30.99
31.51
32.70
31.64
32.42
32.28
33.59
32.67
32.90
33.53
33.14
33.42
32.56
33.34
34.14
33.48
33.33
34.38
33.51
34.90
35.47
35.49
34.88
34.73
37.40
35.35
36.17
35.34
35.29
35.45
36.76
35.29
37.67
37.74
37.12
37.07
37.93
37.88
36.60
35.69
36.04
38.74
38.81
39.08
40.18
38.26
39.99
38.92
39.98
41.43
39.03
39.61
39.78
39.99
39.18
41.39
39.56
38.85
40.97
40.24
41.16
40.05
41.88
41.34
40.91
42.98
43.61
42.44
42.74
41.55
42.97
43.54
42.49
43.79
44.34
44.16
44.89
43.45
44.05
44.80
43.93
44.88
45.20
42.93
45.82
44.09
45.39
43.72
45.33
45.39
45.74
44.39
47.24
44.91
45.24
44.83
45.99
46.49
45.42
47.96
48.65
48.10
46.59
46.78
48.46
47.84
47.79
48.98
49.40
47.74
47.92
48.34
49.68
49.75
49.04
50.28
49.52
50.89
50.63
50.33
50.29
51.09
52.02
50.56
52.06
50.67
52.49
51.40
51.54
50.22
51.24
51.56
51.18
53.06
52.29
51.66
52.52
53.88
52.95
53.55
53.85
54.38
53.81
52.48
54.03
53.88
54.15
54.46
54.64
54.09
54.29
55.04
54.35
53.84
54.93
55.36
54.97
55.88
57.37
56.39
56.60
55.64
55.85
56.76
58.71
56.33
56.22
57.50
56.52
57.43
57.39
58.69
58.94
57.29
58.71
58.70
58.43
59.11
56.93
58.42
59.87
59.26
60.87
58.61
59.40
59.70
59.71
59.10
60.73
59.77
59.88
59.31
59.88
60.65
59.31
62.23
62.18
62.43
62.07
61.39
60.46
62.22
62.06
62.16
62.84
63.33
63.32
62.52
62.14
62.83
62.30
63.38
63.43
61.74
63.26
64.13
62.87
62.63
63.62
65.03
62.55
62.74
64.95
63.62
64.91
64.15
64.50
64.26
65.25
64.97
66.27
64.62
66.05
66.63
65.91
65.34
65.11
67.75
67.21
65.34
67.98
67.06
67.24
68.39
65.80
68.69
66.78
67.20
68.12
68.35
67.72
67.01
69.10
69.19
66.72
68.64
68.76
68.71
68.18
69.33
67.67
68.93
67.50
67.58
68.70
68.88
70.07
70.45
69.53
69.76
70.35
70.72
70.61
70.96
69.95
70.57
71.37
70.18
71.37
71.56
72.11
71.35
69.86
72.52
72.49
71.32
72.01
70.91
73.33
71.86
72.64
70.66
73.72
72.40
72.54
71.94
71.46
73.62
72.65
74.12
72.53
73.57
72.94
73.11
73.99
75.18
73.81
74.18
73.40
73.70
74.33
73.78
74.36
75.01
74.49
74.95
76.85
75.04
75.27
72.89
75.95
76.70
76.32
75.89
76.77
74.96
75.49
76.02
76.03
77.18
77.56
76.11
75.47
76.73
75.32
76.30
76.34
77.94
75.54
77.70
75.62
75.74
77.66
77.85
78.63
77.59
77.10
77.72
77.81
78.43
78.67
77.53
79.11
79.59
78.31
78.72
79.43
80.15
76.84
79.31
78.02
78.37
78.13
78.61
78.14
78.53
80.86
79.22
81.24
79.52
80.23
81.18
78.82
80.65
81.18
82.16
78.42
81.40
80.60
80.55
80.68
81.35
81.27
81.62
80.85
80.99
82.19
82.45
81.43
80.89
80.75
80.16
81.42
81.68
81.60
81.63
80.68
82.26
80.92
83.35
81.18
81.23
82.22
81.81
82.36
83.30
82.34
82.50
83.09
84.57
82.66
83.77
82.99
83.28
84.86
83.44
83.38
84.25
83.25
84.07
84.04
83.38
83.28
83.92
84.05
84.35
84.94
84.23
83.50
84.11
84.14
84.53
83.44
84.58
84.57
83.98
85.51
84.14
84.53
84.29
84.61
85.93
85.52
84.21
85.68
85.07
84.83
85.64
85.80
86.42
85.58
85.62
84.57
85.25
86.26
85.83
85.96
85.12
85.75
86.18
85.18
86.99
86.63
87.23
84.75
86.84
86.52
85.78
86.40
86.09
87.28
86.40
85.63
86.56
87.24
86.04
87.25
86.42
86.63
87.47
87.18
88.39
86.68
87.49
88.08
87.83
86.65
85.89
86.98
87.30
86.81
88.21
87.06
87.53
86.74
88.36
87.98
85.54
88.17
87.66
88.74
87.43
88.06
88.56
87.55
87.30
88.03
88.13
89.50
87.29
87.59
89.47
87.86
87.37
89.17
87.48
89.40
88.12
89.00
88.93
88.26
87.64
88.21
88.00
88.37
87.93
88.86
89.32
89.09
86.92
89.68
87.84
89.47
89.14
89.39
87.58
89.67
88.55
88.70
89.25
89.89
88.06
90.27
89.30
88.98
86.30
90.11
87.93
88.79
88.65
88.71
89.64
89.67
90.17
89.96
89.94
88.61
88.95
89.06
89.41
90.17
89.66
90.49
89.88
91.11
88.80
90.48
89.74
89.77
88.62
88.99
89.30
88.26
89.03
89.74
89.74
89.54
90.35
89.48
89.69
90.00
90.78
89.50
89.03
89.72
89.32
90.28
89.01
90.19
88.94
89.52
89.87
89.36
91.15
90.17
91.06
90.78
89.45
90.80
89.39
89.38
90.73
89.77
89.63
89.22
89.10
88.95
90.95
90.85
89.57
91.11
89.82
90.50
90.13
89.05
88.97
91.49
89.54
88.20
90.43
91.29
89.59
88.73
90.65
89.00
89.60
90.05
90.22
90.66
89.92
89.40
89.69
89.50
89.98
90.57
88.88
89.53
89.44
90.18
89.83
90.75
89.06
90.26
91.51
90.75
88.87
91.24
89.66
88.32
89.08
89.45
91.49
88.99
89.91
89.95
90.52
89.69
89.58
89.81
89.18
90.46
88.78
89.33
89.85
89.54
88.23
89.33
89.17
89.19
88.39
89.38
89.61
88.76
89.84
89.98
88.30
89.72
90.65
90.02
88.74
89.83
89.28
88.79
87.65
89.14
88.85
89.36
90.13
90.62
89.56
88.62
87.74
87.73
88.95
88.66
88.42
88.77
88.75
89.62
87.79
89.57
90.03
88.08
89.36
87.69
89.91
88.72
87.01
89.96
87.45
87.22
88.00
88.92
88.54
88.90
87.38
88.97
87.56
87.20
88.50
88.10
87.66
88.63
87.85
87.35
85.49
87.11
87.93
86.77
88.85
87.24
87.60
87.47
87.33
87.29
86.93
87.45
86.07
84.35
87.78
86.84
86.54
87.21
86.84
87.36
87.19
85.83
86.26
86.51
85.53
86.82
85.22
87.17
86.63
85.91
84.96
86.76
86.33
85.99
86.01
86.31
87.18
86.74
86.42
86.86
86.53
85.58
84.18
86.26
85.41
85.86
86.84
85.98
85.36
85.92
85.63
84.55
85.42
84.91
84.35
85.96
85.62
84.73
84.26
83.90
84.74
84.31
85.08
85.32
84.85
84.29
83.97
83.91
83.39
83.45
83.88
83.68
83.84
83.68
82.59
84.03
83.03
83.08
82.33
82.68
83.89
82.14
83.11
83.14
82.41
83.90
82.30
83.64
82.32
82.16
83.47
82.53
82.96
81.93
82.80
82.57
82.68
81.87
81.96
82.75
81.95
81.81
82.25
82.76
79.82
81.95
81.77
81.60
81.22
81.27
80.90
81.97
81.21
80.70
81.48
79.49
81.61
81.42
82.12
79.37
79.57
81.25
80.36
80.88
80.28
80.12
79.41
79.45
80.07
79.96
80.09
79.22
79.81
81.76
79.58
80.91
77.51
80.05
78.55
78.21
77.71
77.94
78.86
77.92
78.83
78.59
76.95
77.90
78.09
78.65
77.73
76.73
76.80
77.02
78.33
78.44
76.61
77.71
77.83
77.22
79.52
75.85
77.18
76.45
77.48
77.58
76.74
74.10
76.11
74.90
74.84
76.27
75.78
76.99
76.41
74.59
75.76
76.38
76.57
75.52
75.34
74.96
74.38
74.97
74.49
74.66
75.13
75.05
73.16
73.60
74.04
73.20
74.88
73.97
73.20
74.19
71.68
73.94
74.44
73.42
74.26
74.10
72.75
73.24
72.63
71.37
73.29
72.79
72.71
72.08
73.85
72.86
72.15
72.46
71.75
70.65
72.47
70.51
69.76
70.68
71.37
69.96
70.04
69.78
70.70
70.76
69.97
72.32
71.32
69.43
69.52
69.97
69.95
68.11
68.95
68.65
68.59
67.84
68.90
67.65
67.62
69.23
68.26
67.56
68.00
67.92
70.23
69.26
66.19
69.18
68.86
69.05
66.69
67.26
66.19
66.41
67.09
67.92
67.04
66.51
65.40
67.62
65.42
66.50
67.59
64.94
68.11
64.58
66.23
65.62
64.61
66.01
64.14
64.50
64.18
65.37
64.51
63.97
63.63
63.76
63.84
61.40
63.88
64.60
63.79
62.84
62.55
62.50
63.65
62.35
63.23
61.19
62.79
61.95
62.06
62.39
61.45
61.05
62.63
62.57
60.05
62.43
60.81
60.35
60.82
61.34
60.36
60.25
60.46
60.85
60.12
59.51
60.29
60.09
59.30
59.00
58.16
58.57
59.30
57.95
59.64
58.66
