0.000
73.010
73.312
73.551
73.752
73.974
74.209
74.438
74.727
75.024
75.308
75.732
76.117
76.271
76.426
76.542
76.641
76.744
76.886
77.022
77.179
77.361
77.509
77.704
77.866
78.101
78.372
78.753
79.047
79.347
79.675
80.362
81.241
81.755
82.088
82.476
82.883
83.929
84.554
84.864
85.399
86.269
87.821
90.508
90.996
94.922
95.294
95.588
98.516
98.918
99.178
99.499
99.851
100.781
102.572
104.043
105.247
105.716
106.019
106.367
106.760
107.649
108.569
109.446
110.323
110.851
111.197
111.440
111.676
111.889
112.082
112.279
112.406
112.542
112.703
112.888
113.078
113.199
113.394
113.564
113.761
113.929
114.146
114.226
114.381
114.480
114.607
114.742
114.850
114.954
115.048
115.163
115.285
115.402
115.484
115.645
115.808
116.368
118.040
118.569
118.801
119.043
119.246
119.437
119.760
120.008
120.302
120.481
120.644
120.826
121.045
121.241
121.594
122.078
124.109
124.644
124.901
125.127
125.253
125.385
125.477
125.577
125.672
125.792
125.890
126.014
126.130
126.262
126.361
126.433
126.593
126.643
126.720
126.804
126.855
126.899
127.007
127.136
127.221
127.257
127.399
127.466
127.528
127.659
127.734
127.833
127.956
128.096
128.282
129.433
129.644
129.938
130.107
130.144
130.308
130.386
130.486
130.517
130.573
130.643
130.744
130.836
130.883
131.001
131.054
131.125
131.279
131.310
131.437
131.560
131.686
131.885
132.220
134.418
134.726
134.925
135.124
135.241
135.367
135.416
135.491
135.603
135.692
135.767
135.880
135.948
136.035
136.171
136.191
136.270
136.389
136.500
136.593
136.676
136.761
136.864
136.993
137.141
137.235
137.371
137.452
137.585
137.728
137.864
137.966
138.091
138.234
138.371
138.477
138.638
138.773
138.916
139.060
139.250
139.417
139.557
139.709
139.929
140.178
140.268
140.613
141.271
141.594
141.832
142.032
142.354
142.578
142.774
142.867
142.924
143.008
143.071
143.115
143.214
143.272
143.328
143.385
143.495
143.577
143.600
143.675
143.773
143.774
143.898
143.983
144.029
144.176
144.252
144.364
144.364
144.500
144.536
144.663
144.748
144.841
144.941
144.972
145.097
145.268
145.359
145.440
145.520
145.595
145.722
145.791
145.907
145.975
146.112
146.207
146.358
146.500
146.737
147.228
148.198
149.005
149.553
149.928
150.259
150.478
150.627
150.728
150.830
150.953
151.000
151.112
151.197
151.247
151.353
151.476
151.551
151.649
151.757
151.855
151.981
152.075
152.188
152.269
152.374
152.474
152.599
152.749
152.894
153.029
153.147
153.282
153.402
153.576
153.672
153.809
153.994
154.169
154.324
154.448
154.619
154.829
154.967
155.268
155.692
156.550
156.820
157.037
157.167
157.283
157.399
157.508
157.561
157.598
157.677
157.778
157.858
157.906
157.992
158.049
158.197
158.198
158.326
158.327
158.463
158.534
158.629
158.736
158.814
158.911
158.961
159.124
159.210
159.246
159.396
159.461
159.558
159.660
159.755
159.839
159.957
160.096
160.225
160.405
160.579
161.761
162.039
162.313
162.523
162.643
162.689
162.788
162.886
162.956
163.059
163.140
163.202
163.304
163.404
163.506
163.610
163.692
163.822
163.897
164.002
164.152
164.216
164.345
164.490
164.605
164.703
164.857
165.007
165.183
165.321
165.472
165.670
165.840
166.021
166.243
166.483
166.732
166.976
167.230
167.494
167.858
170.031
170.538
170.877
171.081
171.221
171.273
171.371
171.462
171.558
171.644
171.737
171.816
171.817
171.921
171.972
172.037
172.116
172.231
172.295
172.323
172.434
172.481
172.598
172.667
172.792
172.868
172.969
173.079
173.156
173.276
173.382
173.456
173.557
173.607
173.740
173.843
173.940
174.100
174.239
174.362
174.504
174.649
174.813
174.959
175.097
175.232
175.414
175.511
175.610
175.737
175.857
175.952
176.047
176.223
176.320
176.446
176.590
176.687
176.839
177.027
177.265
179.683
179.905
180.116
180.276
180.450
180.577
180.743
180.885
181.044
181.168
181.301
181.457
181.604
181.721
181.835
181.916
182.055
182.195
182.258
182.313
182.416
182.578
182.693
182.813
182.929
183.046
183.174
183.271
183.392
183.495
183.690
183.846
184.097
184.458
184.878
185.135
185.415
185.581
185.779
185.964
186.117
186.298
186.497
186.622
186.813
187.019
187.233
187.503
187.893
188.999
189.461
189.818
190.418
191.039
191.440
191.717
191.927
192.098
192.242
192.387
192.508
192.625
192.745
192.837
192.954
193.024
193.083
193.225
193.325
193.429
193.526
193.651
193.773
193.870
194.017
194.134
194.319
194.548
195.126
195.280
195.334
195.455
195.530
195.607
195.705
195.782
195.852
195.973
196.046
196.082
196.177
196.261
196.341
196.374
196.425
196.477
196.554
196.582
196.659
196.747
196.827
196.906
196.956
197.031
197.124
197.241
197.397
197.570
197.756
198.150
199.258
199.588
199.856
200.086
200.225
200.321
200.473
200.593
200.715
200.837
200.956
201.092
201.209
201.283
201.386
201.459
201.587
201.642
201.744
201.846
201.944
202.079
202.169
202.249
202.361
202.479
202.603
202.702
202.809
202.941
203.046
203.228
203.373
203.627
203.956
204.844
205.085
205.148
205.272
205.386
205.442
205.492
205.595
205.645
205.696
205.803
205.878
205.974
206.025
206.110
206.196
206.226
206.258
206.315
206.344
206.410
206.466
206.570
206.595
206.695
206.777
206.827
206.928
206.987
207.139
207.182
207.234
207.282
207.341
207.424
207.450
207.529
207.553
207.629
207.680
207.758
207.806
207.855
207.928
208.053
208.262
208.359
208.574
208.809
209.137
210.705
211.068
211.247
211.346
211.412
211.552
211.554
211.696
211.697
211.763
211.881
211.910
211.993
212.081
212.197
212.257
212.308
212.393
212.418
212.537
212.588
212.637
212.763
212.811
212.915
212.991
213.040
213.147
213.228
213.288
213.406
213.459
213.556
213.677
213.724
213.843
213.959
214.027
214.152
214.265
214.340
214.455
214.603
214.701
214.802
214.926
215.049
215.180
215.281
215.384
215.526
215.670
215.785
215.944
216.063
216.232
216.369
216.539
216.664
216.837
216.942
217.163
217.336
217.476
217.657
217.797
218.040
218.203
218.422
218.602
218.843
219.083
219.341
219.617
219.994
221.659
221.830
222.016
222.198
222.447
222.769
223.058
223.408
223.973
224.305
224.639
224.811
224.925
225.053
225.161
225.216
225.320
225.321
225.477
225.502
225.605
225.663
225.789
225.913
226.054
226.149
226.259
226.373
226.476
226.762
227.089
227.229
227.430
227.597
227.751
227.902
228.026
228.142
228.223
228.399
228.474
228.596
228.696
228.745
228.863
228.961
229.084
229.163
229.217
229.296
229.398
229.426
229.532
229.584
229.690
229.796
229.873
229.925
230.051
230.156
230.231
230.332
230.452
230.575
230.676
230.798
230.917
231.068
231.173
231.358
231.468
231.567
231.740
231.937
232.156
233.448
233.851
234.200
234.779
235.917
236.297
236.594
236.840
237.070
237.220
237.352
237.448
237.567
237.638
237.739
237.860
237.967
238.071
238.180
238.272
238.351
238.449
238.549
238.674
238.774
238.849
238.979
239.104
239.185
239.286
239.397
239.525
239.703
239.804
240.004
240.199
240.512
241.189
241.426
241.620
241.790
241.913
242.084
242.215
242.316
242.439
242.609
242.684
242.791
242.935
243.035
243.094
243.160
243.286
243.385
243.503
243.629
243.774
243.892
244.009
244.225
244.348
244.578
244.810
247.424
247.815
247.939
248.086
248.224
248.355
248.487
248.641
248.695
248.796
248.897
248.969
249.088
249.159
249.224
249.295
249.365
249.446
249.498
249.611
249.720
249.772
249.889
249.995
250.060
250.193
250.276
250.380
250.481
250.589
250.695
250.795
250.897
251.081
251.185
251.385
252.053
252.333
252.436
252.541
252.592
252.697
252.772
252.821
252.874
252.977
253.039
253.104
253.158
253.260
253.339
253.392
253.472
253.575
253.680
253.754
253.828
253.933
254.137
254.288
254.509
255.655
257.079
257.306
257.480
257.643
257.774
257.856
257.996
258.114
258.219
258.329
258.379
258.483
258.583
258.708
258.757
258.857
259.025
259.084
259.205
259.287
259.393
259.553
259.640
259.773
259.896
259.995
260.124
260.259
260.375
260.519
260.689
260.775
260.926
261.112
261.224
261.338
261.514
261.666
261.827
261.965
262.150
262.326
262.505
262.688
262.913
263.131
263.313
263.590
264.085
264.563
264.789
265.104
265.339
265.476
265.574
265.627
265.709
265.789
265.837
265.944
266.030
266.107
266.155
266.236
266.236
266.345
266.396
266.498
266.550
266.602
266.658
266.761
266.863
266.864
266.964
267.087
267.150
267.206
267.258
267.321
267.375
267.400
267.524
267.526
267.586
267.676
267.705
267.760
267.867
267.920
267.975
268.102
268.166
268.207
268.268
268.331
268.418
268.500
268.627
268.739
268.895
269.159
269.610
271.167
271.776
272.121
272.318
272.454
272.592
272.755
272.854
272.976
273.145
273.220
273.324
273.443
273.558
273.633
273.734
273.870
273.942
274.092
274.151
274.266
274.400
274.501
274.624
274.722
274.856
275.008
275.136
275.239
275.366
275.554
275.660
275.816
275.967
276.157
276.319
276.457
276.656
276.812
277.019
277.189
277.382
277.542
277.727
277.930
278.171
278.354
278.950
279.230
279.465
279.605
279.730
279.838
279.919
280.014
280.088
280.121
280.175
280.269
280.270
280.344
280.417
280.462
280.512
280.591
280.680
280.708
280.816
280.872
280.987
281.093
281.104
281.190
281.215
281.324
281.376
281.423
281.519
281.564
281.679
281.729
281.775
281.888
281.915
282.035
282.117
282.230
282.337
282.504
282.918
283.262
283.507
283.790
283.940
284.088
284.190
284.270
284.350
284.449
284.498
284.603
284.705
284.810
284.908
285.008
285.093
285.179
285.308
285.412
285.520
285.650
285.788
285.898
286.036
286.171
286.276
286.448
286.612
286.758
286.903
287.141
287.287
287.481
287.718
287.889
288.172
288.373
288.671
288.951
289.214
289.612
290.371
290.794
291.639
291.876
292.066
292.241
292.452
292.624
292.789
292.931
293.048
293.130
293.209
293.288
293.343
293.395
293.474
293.583
293.612
293.668
293.754
293.837
293.916
293.942
294.075
294.161
294.188
294.266
294.347
294.497
294.596
294.670
294.767
294.909
295.055
295.112
295.234
295.413
295.539
295.707
295.868
296.011
296.193
296.312
296.481
296.606
296.730
296.811
296.918
297.037
297.094
297.165
297.285
297.316
297.397
297.470
297.596
297.675
297.777
297.879
297.929
298.099
298.249
298.377
299.930
300.320
300.708
301.236
301.610
301.793
302.004
302.133
302.233
302.382
302.474
302.601
302.755
302.880
302.988
303.161
303.323
303.459
303.625
303.816
303.875
304.085
304.171
304.317
304.472
304.594
304.735
304.901
305.049
305.199
305.362
305.576
305.974
306.891
307.186
307.355
307.467
307.600
307.750
307.854
307.969
308.156
308.332
308.646
311.484
311.900
312.299
312.544
312.746
312.969
313.102
313.217
313.329
313.445
313.512
313.602
313.671
313.760
313.818
313.925
314.041
314.134
314.214
314.288
314.431
314.501
314.623
314.730
314.831
314.933
315.075
315.243
315.875
316.067
316.223
316.370
316.469
316.524
316.638
316.727
316.813
316.838
316.969
317.032
317.109
317.216
317.264
317.395
317.442
317.566
317.686
317.781
317.877
317.975
318.165
318.222
318.360
318.440
318.570
318.814
319.034
319.428
320.206
320.557
320.850
321.029
321.213
321.342
321.466
321.567
321.671
321.771
321.821
321.941
322.044
322.131
322.237
322.312
322.434
322.530
322.652
322.746
322.867
322.944
323.110
323.219
323.298
323.404
323.537
323.678
323.821
324.001
324.222
324.894
325.129
325.389
325.676
325.913
326.156
326.306
326.398
326.469
326.544
326.637
326.691
326.788
326.836
326.912
327.025
327.026
327.106
327.166
327.258
327.362
327.362
327.410
327.498
327.544
327.615
327.661
327.737
327.762
327.807
327.896
327.966
328.062
328.065
328.149
328.237
328.268
328.378
328.410
328.533
328.608
328.703
328.797
328.893
329.034
329.109
329.310
329.481
330.394
331.441
331.551
331.616
331.673
331.756
331.784
331.840
331.943
332.033
332.094
332.164
332.267
332.297
332.372
332.475
332.553
332.653
332.735
332.783
332.885
332.910
332.986
333.100
333.172
333.230
333.346
333.398
333.502
333.609
333.687
333.734
333.833
333.938
334.055
334.153
334.258
334.332
334.432
334.535
334.666
334.748
334.910
335.026
335.120
335.255
335.374
335.466
335.586
335.728
335.856
336.000
336.184
336.341
336.493
336.733
337.128
338.434
338.697
338.939
339.281
339.564
340.098
340.664
346.427
347.473
347.745
348.046
348.215
348.335
348.449
348.506
348.690
348.766
348.872
349.008
349.088
349.188
349.289
349.358
349.455
349.553
349.649
349.751
349.831
349.906
350.030
350.121
350.227
350.408
350.688
350.898
351.141
351.414
351.594
351.622
351.793
351.947
352.085
352.170
352.324
352.425
352.593
352.790
353.009
353.144
353.354
353.524
353.698
353.905
354.049
354.229
354.395
354.609
354.853
355.945
356.862
357.621
358.501
358.909
359.148
359.357
359.553
359.732
359.878
360.041
360.204
360.343
360.462
360.581
360.701
360.829
360.910
361.022
361.067
361.209
361.271
361.386
361.490
361.595
361.672
361.746
361.845
361.973
362.059
362.180
362.313
362.429
362.570
362.813
363.967
364.198
364.454
364.671
364.835
365.084
365.230
365.329
365.423
365.541
365.663
365.792
365.882
365.999
366.107
366.191
366.326
366.408
366.538
366.696
366.853
366.994
367.177
367.651
370.074
370.295
370.471
370.547
370.674
370.802
370.854
370.974
371.094
371.190
371.265
371.332
371.473
371.578
371.675
371.805
371.900
372.024
372.132
372.266
372.393
372.525
372.634
372.793
373.042
373.341
373.650
373.998
374.351
375.197
375.433
375.617
375.720
375.873
375.988
376.063
376.186
376.259
376.397
376.484
376.574
376.667
376.768
376.893
377.046
377.179
377.366
377.722
378.844
379.188
379.513
379.754
379.834
379.971
380.112
380.198
380.285
380.387
380.437
380.582
380.640
380.743
380.868
380.992
381.125
381.193
381.314
381.426
381.537
381.696
381.801
381.902
382.045
382.134
382.313
382.457
382.531
382.713
382.839
383.039
383.189
383.300
383.468
383.643
383.763
383.928
384.133
384.332
384.498
384.670
384.897
385.245
386.829
387.146
387.351
387.548
387.656
387.757
387.785
387.905
387.981
388.050
388.075
388.171
388.231
388.256
388.307
388.357
388.455
388.530
388.580
388.704
388.728
388.777
388.849
388.949
389.012
389.065
389.166
389.218
389.300
389.399
389.504
389.600
389.703
389.797
389.847
389.998
390.068
390.142
390.188
390.267
390.342
390.445
390.535
390.620
390.725
390.834
391.052
391.164
391.402
392.377
393.452
393.823
394.030
394.206
394.337
394.419
394.561
394.642
394.756
394.858
394.974
395.035
395.146
395.249
395.296
395.418
395.571
395.718
395.993
396.213
396.423
396.597
396.800
397.038
397.172
397.385
397.597
397.754
397.966
398.196
398.381
398.567
398.830
399.049
399.280
399.476
399.660
399.890
400.076
400.311
400.528
401.682
401.889
402.029
402.131
402.133
402.188
402.221
402.277
402.307
402.361
402.389
402.464
402.489
402.562
402.618
402.673
402.752
402.803
402.880
402.904
403.035
403.125
403.151
403.250
403.324
403.418
403.497
403.581
403.691
403.797
403.908
404.050
404.119
404.251
404.348
404.442
404.631
404.814
405.703
405.924
406.220
406.467
406.604
406.732
406.886
406.985
407.078
407.172
407.249
407.323
407.386
407.489
407.588
407.718
407.811
407.947
408.086
408.170
408.276
408.378
408.554
408.691
408.822
409.050
409.182
409.427
409.652
409.970
410.262
410.620
411.033
411.569
412.805
413.141
413.586
414.044
414.802
414.990
415.110
415.189
415.304
415.384
415.467
415.553
415.637
415.715
415.742
415.794
415.841
415.942
415.988
416.114
416.175
416.225
416.327
416.328
416.430
416.555
416.665
416.752
416.906
417.059
417.174
417.309
417.479
417.628
417.832
418.060
418.307
418.614
418.928
419.128
419.279
419.461
419.609
419.784
420.006
420.108
420.196
420.328
420.429
420.528
420.604
420.715
420.791
420.840
420.944
420.984
421.128
421.234
421.353
421.504
421.689
421.874
423.184
423.796
424.195
424.474
424.676
424.826
425.011
425.165
425.287
425.392
425.572
425.682
425.838
425.928
426.107
426.251
426.430
426.537
426.640
426.778
426.882
426.998
427.090
427.163
427.271
427.372
427.525
427.626
427.748
427.873
427.989
428.166
428.372
428.701
429.248
429.617
429.972
430.234
430.486
430.738
430.915
431.128
431.394
435.156
435.626
435.849
436.028
436.162
436.323
436.429
436.564
436.695
436.816
436.888
437.035
437.149
437.271
437.413
437.530
437.694
437.831
438.013
438.193
438.415
439.074
439.401
439.631
439.754
439.835
439.887
440.012
440.076
440.129
440.177
440.238
440.337
440.362
440.457
440.504
440.600
440.650
440.747
440.843
440.890
441.014
441.124
441.237
441.420
441.579
441.723
442.946
443.211
443.467
443.656
443.844
444.072
444.263
444.445
444.633
444.812
444.926
445.150
445.295
445.451
445.647
445.768
445.970
446.175
446.424
446.683
446.950
447.229
447.461
447.707
448.708
448.977
449.207
449.381
449.485
449.563
449.691
449.774
449.827
449.929
450.023
450.136
450.185
450.272
450.369
450.393
450.496
450.570
450.644
450.715
450.762
450.859
450.906
451.010
451.068
451.172
451.252
451.276
451.375
451.449
451.561
451.612
451.684
451.839
451.915
451.982
452.113
452.192
452.317
452.434
452.604
452.841
453.368
454.546
454.767
454.918
455.070
455.248
455.345
455.440
455.490
455.563
455.663
455.711
455.785
455.859
455.972
456.040
456.105
456.157
456.215
456.270
456.371
456.448
456.502
456.575
456.629
456.737
456.785
456.883
456.992
457.062
457.134
457.244
457.349
457.427
457.526
457.600
457.702
457.807
457.931
458.002
458.087
458.265
458.341
458.445
458.550
458.683
458.809
458.911
459.061
459.166
459.300
459.473
459.593
459.722
459.828
459.985
460.155
460.278
460.462
460.587
460.755
460.951
461.114
461.302
461.484
461.731
461.957
462.199
462.479
462.854
463.339
464.062
465.945
466.231
466.396
466.615
466.841
467.093
467.337
467.580
468.004
468.250
468.322
468.442
468.537
468.769
469.047
469.187
469.502
469.774
470.017
470.261
470.560
470.869
471.168
471.446
471.716
471.992
472.267
472.350
472.504
472.594
472.647
472.752
472.806
472.858
472.956
473.053
473.107
473.195
473.222
473.268
473.391
473.392
473.493
473.566
473.616
473.696
473.747
473.847
473.995
474.088
474.197
474.376
474.484
474.589
474.691
474.824
474.873
474.964
475.053
475.153
475.255
475.399
475.549
475.749
476.037
476.489
477.629
479.924
480.371
480.573
480.750
480.885
481.057
481.115
481.258
481.372
481.472
481.547
481.601
481.679
481.781
481.861
481.889
481.995
482.096
482.149
482.258
482.341
482.368
482.470
482.574
482.679
482.785
482.887
482.953
483.090
483.210
483.260
483.361
483.464
483.613
483.735
483.883
484.675
484.939
485.142
485.350
485.537
485.703
485.828
485.948
486.033
486.113
486.198
486.293
486.339
486.459
486.529
486.624
486.775
486.848
487.010
487.112
487.276
487.402
487.537
487.698
487.783
487.900
488.080
488.207
488.410
488.825
489.434
489.942
490.588
490.993
491.185
491.353
491.456
491.513
491.611
491.734
491.782
491.919
491.962
492.037
492.115
492.230
492.310
492.388
492.492
492.610
492.664
492.765
492.880
492.950
493.109
493.220
493.291
493.388
493.509
493.651
493.775
493.877
494.013
494.119
494.399
494.937
495.153
495.393
495.586
495.766
495.871
495.966
496.086
496.208
496.267
496.345
496.393
496.496
496.577
496.673
496.772
496.870
497.028
497.107
497.209
497.312
497.436
497.589
497.818
498.092
499.106
499.396
499.589
499.841
500.022
500.224
500.344
500.440
500.563
500.664
500.817
500.924
501.019
501.098
501.200
501.327
501.428
501.528
501.686
501.813
501.934
502.026
502.162
502.290
502.412
502.543
502.660
502.792
502.940
503.096
503.273
503.394
503.547
503.709
503.871
504.046
504.241
504.339
504.548
504.703
504.901
505.061
505.257
505.470
505.657
505.873
506.079
506.312
506.650
507.662
507.948
508.130
508.288
508.384
508.437
508.558
508.664
508.693
508.774
508.830
508.952
509.048
509.084
509.172
509.229
509.253
509.307
509.405
509.434
509.529
509.553
509.648
509.676
509.748
509.797
509.844
509.998
510.070
510.104
510.194
510.195
510.273
510.323
510.403
510.461
510.491
510.573
510.628
510.680
510.730
510.832
510.835
510.978
511.032
511.077
511.132
511.236
511.335
511.386
511.514
511.650
511.827
512.035
512.960
513.302
513.655
513.931
514.191
514.369
514.571
514.714
514.835
514.956
515.050
515.126
515.228
515.325
515.450
515.521
515.629
515.734
515.854
515.993
516.079
516.214
516.357
516.496
516.602
516.729
516.833
517.000
517.131
517.295
517.425
517.572
517.734
517.896
518.072
518.225
518.426
518.627
518.786
518.992
519.172
519.373
519.613
519.814
520.142
521.030
521.227
521.440
521.589
521.717
521.825
521.905
522.054
522.087
522.122
522.214
522.281
522.358
522.447
522.501
522.548
522.630
522.717
522.793
522.891
522.931
523.041
523.092
523.198
523.247
523.374
523.474
523.502
523.610
523.677
523.731
523.849
523.942
524.047
524.177
524.254
524.404
524.581
525.006
525.567
525.804
526.217
526.428
526.547
526.628
526.726
526.777
526.879
527.029
527.082
527.203
527.301
527.374
527.496
527.650
527.748
527.865
527.981
528.107
528.211
528.387
528.494
528.627
528.770
528.977
529.122
529.279
529.479
529.671
529.925
530.118
530.358
530.578
530.846
531.168
531.593
532.298
532.669
533.014
533.697
534.527
534.784
534.983
535.101
535.281
535.408
535.483
535.591
535.688
535.838
535.988
536.031
536.114
536.216
536.335
536.436
536.509
536.609
536.656
536.778
536.876
536.990
537.097
537.189
537.310
537.464
537.597
537.720
537.872
538.001
538.186
538.210
538.314
538.470
538.583
538.725
538.870
539.014
539.087
539.195
539.243
539.388
539.490
539.644
539.770
539.963
540.046
540.193
540.328
540.496
540.600
540.777
540.901
541.028
541.208
541.326
541.509
543.055
543.272
543.540
543.880
544.090
544.320
544.574
544.710
544.878
545.084
545.216
545.299
545.424
545.548
545.702
545.811
545.971
546.084
546.230
546.392
546.496
546.616
546.785
546.923
547.034
547.148
547.283
547.407
547.562
547.669
547.789
547.937
548.091
548.276
548.450
549.437
549.737
549.985
550.182
550.324
550.464
550.586
550.682
550.731
550.934
551.144
551.399
552.517
553.032
553.548
553.954
554.149
554.486
554.745
555.108
555.437
555.853
556.083
556.314
556.471
556.627
556.730
556.887
556.985
557.119
557.207
557.388
557.491
557.665
557.828
558.066
558.822
559.047
559.271
559.424
559.581
559.660
559.710
559.811
559.888
559.990
560.049
560.157
560.235
560.306
560.410
560.505
560.606
560.705
560.826
560.897
561.032
561.088
561.197
561.252
561.364
561.468
561.633
561.830
562.687
562.866
563.054
563.287
563.497
563.735
563.956
564.181
564.308
564.465
564.596
564.706
564.809
564.893
565.006
565.090
565.197
565.272
565.381
565.528
565.606
565.720
565.814
565.989
566.055
566.177
566.300
566.448
566.638
566.799
567.028
567.400
567.932
568.130
568.335
568.554
568.753
568.936
569.005
569.095
569.255
569.370
569.462
569.538
569.617
569.644
569.768
569.871
569.934
570.016
570.182
570.231
570.305
570.404
570.512
570.583
570.725
570.789
570.868
571.003
571.077
571.186
571.262
571.313
571.414
571.518
571.618
571.694
571.744
571.890
571.964
572.024
572.107
572.194
572.301
572.356
572.465
572.571
572.693
572.859
572.988
573.218
573.559
574.125
574.399
574.641
574.869
575.075
575.188
575.312
575.487
575.588
575.744
575.849
575.905
576.036
576.097
576.179
576.231
576.281
576.331
576.440
576.511
576.585
576.689
576.790
576.884
576.988
577.103
577.211
577.339
577.478
577.568
577.649
577.730
577.831
577.879
577.984
578.105
578.187
578.287
578.359
578.513
578.565
578.666
578.804
578.932
579.019
579.180
579.265
579.388
579.519
579.637
579.795
579.932
580.006
580.161
580.283
580.479
580.621
580.761
580.959
581.083
581.210
581.391
581.579
581.752
581.964
582.132
582.322
582.600
582.852
583.197
584.034
586.273
586.705
586.995
587.177
587.338
587.542
587.741
587.938
588.159
588.449
588.747
589.017
589.251
589.552
589.721
589.964
590.176
590.384
590.589
590.821
591.028
591.231
591.462
591.660
591.922
592.140
592.313
592.552
592.766
592.976
593.139
593.380
593.458
593.568
593.622
593.744
593.818
593.916
593.983
594.060
594.119
594.199
594.249
594.303
594.404
594.525
594.603
594.676
594.776
594.890
594.945
595.035
595.143
595.198
595.301
595.404
595.481
595.585
595.679
595.801
595.846
596.014
596.072
596.167
596.297
596.413
596.581
596.780
598.023
598.307
598.563
598.971
599.439
601.000
601.267
601.465
601.689
601.889
602.028
602.305
602.504
602.631
602.777
602.887
603.030
603.147
603.291
603.403
603.517
603.607
603.745
603.825
603.994
604.094
604.219
604.408
605.642
607.237
607.363
607.546
607.717
607.838
608.028
608.164
608.286
608.402
608.580
608.721
608.841
609.001
609.163
609.286
609.532
610.112
611.614
611.920
612.182
612.451
612.804
613.113
613.319
613.451
613.594
613.691
613.814
613.917
613.979
614.078
614.184
614.255
614.303
614.404
614.522
614.666
614.721
614.866
614.997
615.052
615.161
615.282
615.401
615.520
615.637
615.762
615.897
616.010
616.221
616.730
616.851
617.017
617.192
617.288
617.413
617.508
617.630
617.713
617.845
618.039
618.094
618.213
618.362
618.489
618.595
618.691
618.773
618.959
619.021
619.128
619.248
619.376
619.580
620.561
620.853
621.170
621.393
621.668
621.990
622.193
622.343
622.497
622.650
622.744
622.877
622.967
623.046
623.176
623.274
623.400
623.499
623.630
623.795
623.923
624.019
624.159
624.283
624.390
624.561
624.670
624.842
624.970
625.110
625.249
625.431
625.612
625.758
625.909
626.078
626.222
626.437
626.597
626.794
626.990
627.210
627.396
627.604
627.805
628.040
628.249
628.511
628.762
629.366
629.611
629.761
629.947
630.140
630.215
630.331
630.355
630.479
630.532
630.608
630.634
630.706
630.756
630.850
630.889
630.979
631.030
631.133
631.134
631.233
631.234
631.338
631.416
631.499
631.580
631.635
631.735
631.769
631.802
631.896
631.938
632.015
632.076
632.077
632.186
632.234
632.259
632.354
632.401
632.447
632.521
632.547
632.641
632.719
632.829
632.930
633.038
633.147
633.291
633.592
634.156
635.513
635.960
636.338
636.695
636.880
637.066
637.223
637.345
637.471
637.576
637.626
637.730
637.836
637.956
638.056
638.180
638.283
638.402
638.487
638.649
638.769
638.920
639.023
639.155
639.289
639.389
639.518
639.701
639.826
639.995
640.153
640.337
640.491
640.645
640.816
640.969
641.167
641.383
641.555
641.782
641.991
642.167
643.212
643.403
643.528
643.668
643.822
643.943
644.012
644.070
644.123
644.196
644.270
644.378
644.430
644.478
644.563
644.694
644.724
644.788
644.908
644.995
645.059
645.130
645.214
645.357
645.403
645.476
645.600
645.718
645.743
645.843
645.906
645.988
646.062
646.186
646.282
646.335
646.495
646.613
646.913
647.837
648.050
648.298
648.557
648.744
648.829
648.954
649.047
649.161
649.211
649.336
649.437
649.544
649.596
649.755
649.864
649.932
650.054
650.203
650.302
650.402
650.573
650.697
650.868
651.002
651.161
651.320
651.493
651.646
651.873
652.077
652.278
652.498
652.731
653.019
653.294
653.594
653.900
654.209
654.546
654.855
655.164
655.493
655.803
656.140
657.019
657.147
657.312
657.430
657.531
657.577
657.626
657.730
657.832
657.901
657.934
658.015
658.046
658.135
658.212
658.291
658.338
658.389
658.460
658.558
658.627
658.651
658.755
658.892
658.951
659.040
659.147
659.221
659.325
659.406
659.432
659.547
659.601
659.650
659.825
659.887
659.950
660.010
660.088
660.171
660.218
660.267
660.411
660.530
660.601
660.700
660.825
661.003
661.081
661.196
661.303
661.411
661.526
661.625
661.700
661.802
661.965
662.096
662.215
662.368
662.492
662.607
662.784
662.993
663.444
664.232
664.690
665.060
665.330
665.549
665.679
665.796
665.947
666.085
666.210
666.366
666.482
666.628
666.749
666.911
667.107
667.280
667.430
667.638
667.828
668.021
668.148
668.302
668.464
668.562
668.685
668.806
668.997
669.083
669.253
669.409
669.617
669.885
670.461
670.677
670.915
671.123
671.281
671.476
671.652
671.846
672.367
675.541
675.862
676.164
676.341
676.530
676.683
676.811
676.953
677.067
677.195
677.285
677.411
677.531
677.679
677.785
677.922
678.053
678.123
678.229
678.359
678.500
678.676
679.028
679.513
679.721
679.899
680.116
680.281
680.468
680.609
680.774
680.899
680.985
681.070
681.207
681.234
681.317
681.466
681.520
681.637
681.684
681.790
681.942
682.060
682.136
682.279
682.397
682.607
683.287
684.118
684.459
684.648
684.920
685.080
685.323
685.518
685.693
685.826
686.006
686.093
686.203
686.335
686.459
686.610
686.732
686.852
686.989
687.154
687.254
687.386
687.540
687.622
687.736
687.885
688.006
688.116
688.292
688.460
689.211
689.393
689.557
689.708
689.883
689.967
690.066
690.161
690.273
690.363
690.435
690.526
690.620
690.719
690.818
690.955
691.029
691.063
691.146
691.224
691.295
691.318
691.445
691.544
691.614
691.663
691.757
691.825
691.929
691.969
692.050
692.155
692.203
692.273
692.371
692.420
692.472
692.582
692.683
692.761
692.791
692.943
693.025
693.142
693.316
693.623
694.190
694.703
696.003
696.204
696.305
696.354
696.455
696.527
696.627
696.674
696.780
696.828
696.977
697.030
697.083
697.228
697.294
697.364
697.452
697.513
697.573
697.664
697.748
697.807
697.909
697.980
698.056
698.143
698.239
698.339
698.460
698.528
698.645
698.743
698.945
699.007
699.113
699.260
699.413
699.536
699.682
699.802
699.974
700.075
700.180
700.299
700.428
700.560
700.725
700.826
701.003
701.120
701.240
701.424
701.558
701.737
701.869
702.040
702.170
702.347
702.524
702.684
702.911
703.052
703.273
703.462
703.656
703.907
704.073
704.298
704.587
705.386
705.554
705.706
705.819
705.947
706.076
706.227
706.312
706.475
706.591
706.723
706.893
707.055
707.163
707.334
707.451
707.632
707.785
707.995
708.326
708.995
709.629
709.978
710.228
710.617
710.933
711.165
711.486
711.694
711.968
712.174
712.388
712.571
712.760
712.960
713.156
713.345
713.504
713.685
713.848
714.056
714.422
714.817
715.092
715.258
715.396
715.562
715.715
715.928
716.031
716.215
716.387
716.536
716.705
716.878
717.025
717.226
717.382
717.560
717.671
717.879
717.983
718.148
718.275
718.454
718.586
718.705
718.898
719.013
720.255
720.633
720.985
721.285
721.605
721.990
723.053
723.539
723.775
724.014
724.160
724.317
724.437
724.553
724.680
724.800
724.910
724.981
725.104
725.209
725.343
725.443
725.546
725.678
725.830
725.932
726.007
726.118
726.237
726.392
726.565
726.690
726.903
727.176
728.190
728.359
728.554
728.704
728.890
728.979
729.120
729.285
729.435
729.560
729.726
729.875
730.005
730.171
730.256
730.440
730.574
730.678
730.873
730.989
731.144
731.374
731.631
731.949
732.290
733.247
733.446
733.638
733.883
734.005
734.245
734.444
734.628
734.782
734.954
735.065
735.229
735.340
735.422
735.503
735.604
735.706
735.809
735.920
736.002
736.059
736.161
736.263
736.387
736.490
736.616
736.747
736.874
736.968
737.081
737.247
738.202
738.327
738.505
738.688
738.864
738.977
739.154
739.326
739.423
739.645
739.743
739.915
740.065
740.313
740.524
740.730
740.836
741.006
741.159
741.536
743.312
743.668
743.882
744.007
744.112
744.209
744.335
744.485
744.618
744.682
744.808
744.877
744.992
745.084
745.227
745.342
745.440
745.556
745.688
745.836
745.986
746.083
746.221
746.324
746.451
746.615
746.727
746.946
747.052
747.192
747.339
747.486
747.672
747.844
748.019
748.162
748.363
748.541
748.754
748.942
749.150
749.358
749.540
749.782
750.039
751.156
751.353
751.531
751.724
751.889
752.091
752.225
752.412
752.444
752.610
752.665
752.749
752.775
752.892
752.940
753.004
753.068
753.153
753.230
753.267
753.362
753.412
753.490
753.564
753.616
753.692
753.791
753.838
753.902
753.918
754.005
754.063
754.090
754.169
754.244
754.317
754.370
754.473
754.526
754.628
754.709
754.793
754.901
754.960
755.050
755.168
755.334
755.553
757.107
757.821
758.255
758.516
758.710
758.894
759.020
759.192
759.334
759.413
759.527
759.636
759.739
759.832
759.967
760.071
760.178
760.307
760.440
760.547
760.727
760.872
761.037
761.107
761.290
761.405
761.586
761.765
761.936
762.104
762.210
762.390
762.597
762.778
762.952
763.152
763.339
763.544
764.984
765.209
765.355
765.549
765.698
765.853
766.023
766.193
766.351
766.513
766.613
766.763
766.861
766.998
767.081
767.181
767.251
767.326
767.446
767.554
767.635
767.694
767.805
767.859
767.959
768.024
768.082
768.139
768.192
768.281
768.351
768.473
768.535
768.613
768.666
768.837
768.970
769.707
769.899
770.053
770.189
770.412
770.556
770.701
770.833
770.958
771.068
771.126
771.234
771.375
771.455
771.541
771.652
771.773
771.920
772.035
772.166
772.272
772.408
772.536
772.646
772.855
772.995
773.138
773.276
773.493
773.647
773.908
774.077
774.298
774.583
774.836
775.181
775.501
775.837
776.233
776.622
777.175
777.744
778.413
778.592
778.749
778.940
779.093
779.221
779.328
779.484
779.599
779.663
779.788
779.957
780.075
780.149
780.271
780.360
780.449
780.545
780.614
780.669
780.787
780.911
780.976
781.077
781.131
781.288
781.400
781.459
781.537
781.638
781.716
781.766
781.855
781.936
782.017
782.078
782.179
782.253
782.300
782.380
782.506
782.585
782.693
782.800
782.903
783.057
783.199
783.287
783.451
783.601
783.752
783.941
784.024
784.184
784.368
784.475
784.604
784.755
784.936
785.097
785.979
786.534
787.006
787.362
787.580
787.875
788.026
788.266
788.393
788.608
788.746
788.953
789.069
789.192
789.306
789.413
789.518
789.655
789.776
789.950
790.087
790.181
790.325
790.489
790.605
790.737
790.917
791.083
791.170
791.369
791.524
791.708
791.940
792.140
793.087
793.295
793.483
793.684
793.904
794.056
794.252
794.466
795.017
797.263
797.860
798.199
798.468
798.738
799.005
799.199
799.383
799.487
799.610
799.711
799.856
799.982
800.055
800.154
800.248
800.354
800.464
800.578
800.661
800.801
800.920
801.058
801.184
801.287
801.398
801.569
801.720
802.426
802.707
802.877
803.021
803.153
803.203
803.307
803.358
803.408
803.488
803.564
803.590
803.667
803.719
803.801
803.892
803.985
804.013
804.124
804.179
804.286
804.341
804.445
804.497
804.601
804.649
804.833
805.000
805.379
806.056
806.531
806.837
807.143
807.348
807.455
807.564
807.730
807.853
807.990
808.101
808.223
808.324
808.447
808.550
808.738
808.864
808.962
809.123
809.251
809.354
809.501
809.685
809.813
809.970
810.103
810.253
810.507
811.489
811.672
811.852
812.029
812.197
812.400
812.526
812.600
812.720
812.768
812.861
812.932
813.007
813.109
813.136
813.231
813.309
813.358
813.438
813.493
813.610
813.674
813.734
813.840
813.883
813.928
813.995
814.023
814.089
814.140
814.194
814.241
814.293
814.344
814.445
814.502
814.557
814.613
814.717
814.720
814.774
814.869
814.981
815.140
815.240
815.370
817.969
818.114
818.236
818.314
818.417
818.499
818.601
818.677
818.791
818.893
818.935
819.035
819.155
819.256
819.304
819.434
819.486
819.584
819.712
819.844
819.928
820.008
820.074
820.215
820.356
820.421
820.549
820.672
820.756
820.902
821.002
821.164
821.288
821.431
821.558
821.678
821.818
821.968
822.135
822.262
822.423
822.567
822.738
822.924
823.058
823.225
823.382
823.562
823.830
823.965
824.164
824.363
824.589
824.778
825.018
825.240
825.466
825.687
825.981
826.278
826.616
827.262
828.078
828.545
828.909
829.055
829.214
829.341
829.488
829.662
829.812
829.967
830.127
830.542
833.485
833.750
834.012
834.199
834.377
834.586
834.813
834.983
835.169
835.324
835.501
835.627
835.791
835.964
836.127
836.325
836.486
836.600
836.701
836.737
836.837
836.895
836.973
837.043
837.072
837.125
837.179
837.282
837.284
837.335
837.443
837.515
837.539
837.657
837.727
837.822
837.918
838.017
838.143
838.265
838.419
838.618
838.804
838.980
839.151
839.351
839.519
839.757
842.073
842.792
843.526
844.014
844.397
844.647
844.823
844.928
845.101
845.206
845.361
845.516
845.619
845.716
845.866
845.946
846.074
846.198
846.301
846.485
846.610
846.734
846.891
847.045
847.193
847.340
847.553
847.721
847.919
848.855
849.035
849.175
849.375
849.500
849.627
849.857
850.025
850.457
850.938
851.141
851.354
851.497
851.611
851.821
851.903
852.015
852.147
852.330
852.545
853.690
854.077
854.465
854.904
855.274
855.529
855.715
855.856
856.042
856.161
856.238
856.341
856.461
856.550
856.687
856.863
856.955
857.069
857.216
857.344
857.467
857.604
857.771
857.954
858.067
858.275
858.471
858.742
859.384
859.556
859.699
859.862
860.066
860.239
860.368
860.516
860.716
860.854
860.951
861.120
861.293
861.361
861.479
861.578
861.778
863.318
863.648
863.914
864.124
864.348
864.540
864.740
864.908
865.044
865.204
865.338
865.494
865.646
865.802
865.963
866.122
866.278
866.400
866.578
866.729
866.942
867.117
867.278
867.505
867.767
867.992
868.220
868.448
868.691
868.957
869.229
869.542
869.851
870.317
870.803
871.663
871.889
872.051
872.271
872.440
872.568
872.842
872.978
873.120
873.330
873.489
873.637
873.826
873.946
874.098
874.185
874.271
874.393
874.459
874.515
874.543
874.622
874.673
874.751
874.862
874.899
874.958
875.016
875.048
875.148
875.248
875.386
875.443
875.573
875.726
875.890
876.158
876.685
878.945
879.350
879.625
879.810
880.031
880.156
880.338
880.520
880.656
880.848
880.975
881.131
881.332
881.464
881.672
881.902
882.015
882.231
882.432
882.628
882.860
883.079
883.317
883.585
883.862
884.166
884.450
884.896
885.637
886.233
886.512
886.690
886.866
887.024
887.150
887.341
887.474
887.631
887.735
887.901
888.066
888.207
888.354
888.481
888.600
888.758
888.879
888.931
888.982
889.088
889.141
889.194
889.295
889.416
889.535
889.722
890.177
890.647
890.880
891.037
891.305
891.490
891.631
891.758
891.901
892.028
892.166
892.305
892.461
892.641
892.768
892.926
893.084
893.250
893.446
893.667
893.859
894.082
894.307
894.569
894.875
895.284
895.784
896.838
897.048
897.165
897.275
897.375
897.481
897.605
897.707
897.842
897.985
898.094
898.196
898.411
898.703
899.212
902.951
903.295
903.478
903.593
903.711
903.890
903.979
904.108
904.207
904.306
904.434
904.608
904.732
904.870
905.014
905.124
905.299
905.460
905.616
905.741
905.927
906.168
906.353
906.487
906.633
906.782
906.934
907.092
907.238
907.558
907.940
909.730
910.158
910.362
910.563
910.791
910.934
911.088
911.214
911.355
911.604
911.960
912.498
912.770
913.040
913.253
913.441
913.544
913.673
913.799
913.940
914.044
914.148
914.272
914.394
914.495
914.663
914.746
914.953
915.193
915.582
916.085
916.306
916.506
916.646
916.826
916.951
917.175
918.244
918.814
919.261
919.638
919.964
920.213
920.521
920.880
921.427
921.631
921.800
921.939
922.068
922.238
922.344
922.470
922.594
922.670
922.788
922.853
922.935
923.090
923.197
923.295
923.367
923.490
923.611
923.729
923.819
923.943
924.115
924.207
924.371
924.544
924.866
925.343
925.537
925.712
925.910
926.053
926.113
926.290
926.345
926.457
926.563
926.697
926.745
926.876
926.975
927.077
927.196
927.340
927.474
927.680
928.358
929.240
930.106
930.314
930.504
930.682
930.920
931.012
931.187
931.292
931.407
931.511
931.619
931.811
931.929
932.038
932.162
932.268
932.402
932.542
932.704
932.836
933.005
933.164
933.323
933.480
933.820
934.230
934.396
934.599
934.774
934.976
935.125
935.307
935.448
935.495
935.618
935.721
935.850
935.912
935.995
936.069
936.158
936.212
936.276
936.389
936.497
936.547
936.622
936.699
936.699
936.828
936.891
936.892
936.995
937.050
937.099
937.178
937.253
937.303
937.383
937.467
937.492
937.570
937.597
937.686
937.774
937.899
937.943
937.945
938.081
938.163
938.335
938.441
938.647
939.078
939.885
940.364
940.613
940.816
940.950
941.036
941.144
941.230
941.374
941.478
941.527
941.633
941.718
941.803
941.897
941.981
942.054
942.124
942.253
942.335
942.418
942.504
942.615
942.673
942.796
942.899
943.016
943.134
943.235
943.363
943.462
943.580
943.697
943.834
943.967
944.098
944.209
944.357
944.534
944.694
944.852
944.983
945.159
945.289
945.479
945.632
945.847
946.077
946.229
946.439
946.614
946.869
947.024
947.281
947.543
947.844
948.031
948.371
948.672
949.014
949.461
949.948
950.749
951.770
951.971
952.144
952.285
952.406
952.552
952.684
952.893
953.187
953.686
955.740
957.298
957.511
957.720
957.930
958.107
958.279
958.486
958.637
958.863
959.015
959.098
959.208
959.284
959.311
959.415
959.466
959.517
959.591
959.640
959.748
959.895
959.950
960.004
960.145
960.202
960.294
960.348
960.434
960.520
960.597
960.662
960.764
960.858
960.890
960.981
961.067
961.128
961.215
961.335
961.399
961.495
961.581
961.642
961.768
961.834
961.998
962.127
962.286
962.512
963.884
964.433
964.841
965.283
966.527
966.799
967.010
967.219
967.440
967.568
967.700
967.897
967.990
968.110
968.193
968.302
968.413
968.467
968.582
968.698
968.820
968.915
969.012
969.153
969.232
969.366
969.468
969.607
969.702
969.803
969.976
970.114
970.286
970.505
971.501
971.737
971.875
972.061
972.142
972.323
972.454
972.593
972.755
972.881
973.032
973.237
973.383
973.538
973.666
973.817
973.939
974.012
974.153
974.232
974.327
974.446
974.622
974.864
976.547
976.912
977.204
977.393
977.573
977.812
977.870
977.936
978.105
978.191
978.319
978.408
978.533
978.618
978.831
978.913
979.000
979.136
979.277
979.411
979.516
979.654
979.779
979.937
980.057
980.238
980.367
980.527
980.711
980.920
981.070
981.321
981.988
982.140
982.346
982.496
982.594
982.697
982.806
982.882
982.945
983.040
983.069
983.158
983.213
983.329
983.385
983.538
983.818
984.267
984.929
985.587
985.911
986.119
986.340
986.529
986.832
986.977
987.166
987.297
987.465
987.632
987.767
987.920
988.085
988.245
988.410
988.616
988.762
988.914
989.075
989.282
989.441
989.649
989.861
990.015
990.260
990.467
990.682
990.930
991.199
991.415
991.733
992.068
993.881
994.095
994.284
994.416
994.621
994.804
995.005
995.139
995.342
995.512
995.640
995.826
995.970
996.047
996.077
996.135
996.249
996.309
996.339
996.401
996.487
996.513
996.619
996.648
996.675
996.806
996.849
996.908
996.934
997.010
997.035
997.134
997.158
997.264
997.367
997.523
997.672
997.952
998.468
999.614
1000.327
1000.618
1000.859
1001.104
1001.282
1001.508
1001.668
1001.860
1001.959
1002.145
1002.247
1002.442
1002.586
1002.817
1002.916
1003.120
1003.287
1003.509
1003.669
1003.894
1004.059
1004.276
1004.507
1004.714
1004.936
1005.173
1005.407
1005.666
1005.943
1006.232
1006.505
1006.817
1007.059
1007.367
1008.505
1008.746
1008.894
1009.019
1009.171
1009.274
1009.389
1009.470
1009.547
1009.632
1009.718
1009.812
1009.884
1009.946
1010.021
1010.072
1010.197
1010.257
1010.310
1010.395
1010.487
1010.546
1010.576
1010.641
1010.720
1010.836
1010.841
1010.981
1011.084
1011.236
1011.502
1012.135
1012.463
1012.825
1012.999
1013.165
1013.291
1013.453
1013.647
1013.754
1013.943
1014.108
1014.276
1014.424
1014.602
1014.833
1015.039
1015.215
1015.427
1015.707
1015.970
1016.239
1016.624
1016.999
1017.418
1017.982
1018.548
1019.127
1019.754
1020.243
1020.701
1021.166
1021.575
1022.778
1023.049
1023.220
1023.343
1023.468
1023.589
1023.701
1023.779
1023.903
1023.987
1024.105
1024.214
1024.271
1024.379
1024.464
1024.490
1024.572
1024.743
1024.801
1024.887
1024.969
1025.069
1025.117
1025.215
1025.360
1025.461
1025.540
1025.668
1025.768
1025.865
1025.921
1025.983
1026.043
1026.155
1026.214
1026.319
1026.346
1026.488
1026.518
1026.604
1026.664
1026.793
1026.827
1026.926
1027.004
1027.086
1027.141
1027.251
1027.356
1027.469
1027.574
1027.731
1027.962
1029.201
1029.392
1029.524
1029.658
1029.856
1030.013
1030.176
1030.369
1030.489
1030.618
1030.765
1030.900
1030.973
1031.166
1031.261
1031.455
1031.598
1031.831
1031.905
1032.042
1032.193
1032.294
1032.492
1032.596
1032.740
1032.902
1033.009
1033.165
1033.374
1033.579
1033.838
1034.188
1034.529
1034.690
1034.911
1035.114
1035.343
1035.517
1035.713
1035.873
1036.049
1036.297
1037.135
1037.798
1038.133
1038.444
1038.769
1039.085
1039.403
1039.620
1040.119
1040.661
1040.941
1041.168
1041.330
1041.429
1041.562
1041.719
1041.829
1041.967
1042.100
1042.275
1042.433
1042.590
1042.795
1043.690
1043.948
1044.095
1044.314
1044.413
1044.492
1044.597
1044.696
1044.817
1044.908
1044.939
1045.025
1045.092
1045.171
1045.278
1045.383
1045.438
1045.547
1045.660
1045.768
1045.999
1046.267
1047.832
1048.082
1048.357
1048.582
1048.811
1048.951
1049.104
1049.272
1049.440
1049.538
1049.754
1049.876
1050.005
1050.156
1050.348
1050.475
1050.642
1050.839
1051.008
1051.266
1051.478
1051.782
1052.862
1053.052
1053.178
1053.362
1053.541
1053.746
1053.881
1054.015
1054.045
1054.149
1054.207
1054.311
1054.370
1054.456
1054.484
1054.584
1054.661
1054.761
1054.837
1054.926
1054.987
1055.041
1055.144
1055.227
1055.257
1055.310
1055.423
1055.478
1055.538
1055.597
1055.686
1055.787
1055.826
1055.907
1055.968
1056.033
1056.086
1056.199
1056.306
1056.358
1056.474
1056.611
1056.716
1056.848
1056.917
1057.100
1057.330
1059.118
1059.356
1059.602
1059.838
1060.019
1060.211
1060.420
1060.601
1060.761
1060.972
1061.175
1061.389
1061.666
1061.935
1062.205
1062.486
1062.865
1063.170
1063.511
1063.924
1064.346
1064.770
1065.133
1065.409
1065.651
1065.886
1066.059
1066.135
1066.265
1066.420
1066.549
1066.677
1066.808
1066.925
1067.045
1067.227
1067.365
1067.489
1067.670
1067.868
1068.000
1068.126
1068.355
1068.540
1068.765
1068.927
1069.108
1069.331
1069.536
1069.776
1070.050
1070.304
1070.610
1070.993
1071.357
1071.771
1072.200
1072.828
1075.433
1076.335
1077.383
1077.573
1077.785
1077.988
1078.228
1078.436
1078.623
1078.831
1078.974
1079.126
1079.274
1079.419
1079.579
1079.728
1079.823
1079.932
1080.015
1080.094
1080.206
1080.311
1080.368
1080.450
1080.477
1080.529
1080.590
1080.713
1080.743
1080.813
1080.866
1080.920
1081.029
1081.138
1081.193
1081.288
1081.352
1081.430
1081.540
1081.651
1081.855
1081.961
1082.079
1082.191
1082.292
1082.394
1082.495
1082.596
1082.688
1082.787
1082.866
1082.973
1083.076
1083.203
1083.279
1083.367
1083.539
1083.727
1083.994
1084.525
1084.844
1085.206
1085.581
1086.106
1087.661
1087.934
1088.139
1088.268
1088.404
1088.561
1088.667
1088.751
1088.889
1088.979
1089.113
1089.220
1089.323
1089.425
1089.543
1089.711
1089.808
1089.970
1090.055
1090.194
1090.278
1090.437
1090.541
1090.745
1090.869
1091.115
1092.196
1092.394
1092.624
1093.581
1093.966
1094.126
1094.278
1094.442
1094.600
1094.726
1094.896
1095.038
1095.183
1095.321
1095.425
1095.554
1095.688
1095.847
1095.983
1096.568
1097.343
1097.829
1098.138
1098.402
1098.581
1098.718
1098.881
1098.995
1099.102
1099.206
1099.257
1099.359
1099.461
1099.621
1099.753
1099.811
1099.925
1100.036
1100.146
1100.313
1100.422
1100.527
1100.665
1100.844
1100.947
1101.061
1101.215
1101.382
1101.487
1101.709
1101.845
1102.022
1102.271
1102.858
1103.023
1103.184
1103.390
1103.517
1103.702
1103.797
1103.880
1103.966
1104.052
1104.155
1104.235
1104.388
1104.439
1104.492
1104.652
1104.754
1104.907
1105.123
1106.901
1107.200
1107.415
1107.655
1107.866
1108.033
1108.249
1108.370
1108.504
1108.663
1108.794
1108.963
1109.084
1109.261
1109.382
1109.556
1109.759
1109.872
1110.033
1110.243
1110.429
1110.635
1110.931
1111.253
1115.829
1116.125
1116.273
1116.420
1116.587
1116.814
1116.926
1117.117
1117.239
1117.392
1117.581
1117.736
1117.865
1118.001
1118.050
1118.195
1118.271
1118.318
1118.417
1118.488
1118.541
1118.589
1118.700
1118.767
1118.829
1118.879
1118.997
1119.055
1119.104
1119.220
1119.327
1119.493
1119.632
1119.987
1120.919
1121.256
1121.633
1122.022
1122.308
1122.581
1122.845
1123.047
1123.287
1123.487
1123.680
1123.851
1124.073
1124.230
1124.386
1124.541
1124.730
1124.852
1125.032
1125.221
1125.353
1125.537
1125.734
1125.896
1126.073
1126.281
1126.419
1126.631
1126.854
1127.056
1127.350
1127.587
1127.807
1128.118
1128.414
1128.784
1129.068
1129.469
1130.087
1130.261
1130.468
1130.628
1130.833
1130.965
1131.123
1131.230
1131.362
1131.442
1131.542
1131.622
1131.684
1131.806
1131.859
1131.965
1132.063
1132.090
1132.191
1132.266
1132.319
1132.394
1132.473
1132.499
1132.584
1132.670
1132.740
1132.803
1132.933
1133.046
1133.255
1134.119
1134.422
1134.762
1134.955
1135.110
1135.263
1135.387
1135.559
1135.750
1135.870
1136.036
1136.197
1136.352
1136.575
1136.783
1136.907
1137.120
1137.349
1137.561
1137.854
1138.137
1138.414
1138.783
1139.155
1139.594
1140.158
1140.648
1141.211
1141.790
1142.359
1144.165
1144.342
1144.449
1144.631
1144.839
1144.926
1145.046
1145.192
1145.326
1145.460
1145.560
1145.664
1145.806
1145.865
1145.957
1146.020
1146.077
1146.172
1146.238
1146.321
1146.400
1146.503
1146.557
1146.657
1146.827
1146.913
1147.016
1147.118
1147.325
1147.407
1147.516
1147.654
1147.806
1147.920
1148.028
1148.131
1148.235
1148.340
1148.389
1148.490
1148.594
1148.721
1148.821
1148.850
1149.004
1149.087
1149.140
1149.300
1149.364
1149.518
1149.706
1149.900
1150.797
1151.011
1151.338
1151.686
1152.027
1152.229
1152.449
1152.619
1152.765
1152.927
1153.088
1153.236
1153.397
1153.605
1153.836
1154.020
1154.290
1154.437
1154.629
1154.845
1155.006
1155.217
1155.347
1155.537
1155.757
1155.939
1156.110
1156.343
1156.721
1157.293
1157.522
1157.752
1157.887
1158.387
1159.638
1160.742
1161.354
1162.356
1162.808
1163.093
1163.338
1163.597
1163.828
1164.114
1164.393
1164.583
1164.839
1165.136
1165.434
1165.796
1166.467
1166.718
1166.865
1167.074
1167.235
1167.397
1167.548
1167.748
1167.862
1167.999
1168.106
1168.273
1168.355
1168.433
1168.513
1168.648
1168.752
1168.886
1169.051
1169.376
1170.666
1170.970
1171.232
1171.486
1171.722
1171.863
1172.029
1172.162
1172.383
1172.515
1172.694
1172.866
1173.007
1173.201
1173.307
1173.558
1173.712
1173.837
1174.013
1174.194
1174.329
1174.503
1174.709
1174.872
1175.133
1175.927
1176.144
1176.323
1176.477
1176.657
1176.813
1177.010
1177.133
1177.265
1177.379
1177.501
1177.604
1177.730
1177.820
1177.850
1177.910
1178.015
1178.116
1178.220
1178.271
1178.325
1178.411
1178.467
1178.545
1178.599
1178.697
1178.761
1178.837
1178.899
1178.963
1179.041
1179.121
1179.210
1179.263
1179.317
1179.395
1179.480
1179.529
1179.633
1179.703
1179.837
1179.947
1180.138
1180.775
1181.850
1182.053
1182.260
1182.461
1182.695
1182.880
1183.141
1183.352
1183.482
1183.617
1183.821
1183.880
1183.986
1184.113
1184.246
1184.349
1184.470
1184.621
1184.754
1184.885
1185.004
1185.130
1185.260
1185.349
1185.453
1185.590
1185.725
1185.822
1185.959
1186.071
1186.223
1186.390
1186.505
1186.680
1186.837
1186.983
1187.140
1187.297
1187.474
1187.637
1187.792
1187.955
1188.116
1188.309
1188.507
1188.712
1188.891
1189.096
1189.328
1189.583
1189.841
1190.129
1190.399
1190.783
1191.141
1192.725
1193.388
1193.935
1194.659
1195.236
1196.073
1198.839
1199.162
1199.383
1199.576
1199.772
1199.929
1200.134
1200.286
1200.464
1200.691
1200.868
1201.041
1201.238
1201.410
1201.575
1201.787
1201.939
1202.038
1202.211
1202.353
1202.475
1202.575
1202.703
1202.810
1202.981
1203.090
1203.145
1203.314
1203.402
1203.539
1203.595
1203.742
1203.859
1203.947
1204.051
1204.154
1204.259
1204.339
1204.474
1204.578
1204.701
1204.785
1204.821
1204.993
1205.159
1205.363
1207.519
1208.186
1208.582
1209.077
1209.667
1210.093
1210.483
1210.725
1210.936
1211.129
1211.251
1211.365
1211.535
1211.652
1211.735
1211.794
1211.905
1211.955
1212.058
1212.167
1212.243
1212.353
1212.438
1212.544
1212.642
1212.776
1212.859
1212.977
1213.148
1213.284
1213.587
1215.041
1215.270
1215.444
1215.593
1215.773
1215.927
1216.092
1216.238
1216.390
1216.624
1216.810
1216.917
1217.098
1217.259
1217.390
1217.573
1217.733
1217.892
1218.082
1218.370
1218.881
1219.760
1220.022
1220.226
1220.456
1220.750
1221.074
1221.424
1221.675
1221.899
1222.068
1222.224
1222.334
1222.448
1222.502
1222.688
1222.726
1222.871
1222.948
1223.074
1223.178
1223.308
1223.461
1223.557
1223.697
1223.817
1223.966
1224.067
1224.230
1224.368
1224.552
1224.898
1225.324
1225.553
1225.739
1225.901
1226.031
1226.217
1226.365
1226.467
1226.567
1226.665
1226.736
1226.819
1226.961
1227.086
1227.264
1227.405
1227.661
1227.958
1228.307
1229.640
1229.890
1230.090
1230.330
1230.437
1230.577
1230.700
1230.834
1230.932
1231.081
1231.267
1231.397
1231.552
1231.678
1231.842
1231.970
1232.093
1232.244
1232.402
1232.568
1232.741
1232.933
1233.094
1233.226
1233.409
1233.635
1233.785
1233.971
1234.219
1234.419
1234.651
1234.827
1235.031
1235.306
1235.537
1235.828
1236.096
1236.377
1236.699
1237.333
1237.558
1237.758
1237.919
1238.070
1238.232
1238.411
1238.511
1238.611
1238.758
1238.811
1238.864
1238.955
1239.016
1239.141
1239.196
1239.292
1239.293
1239.450
1239.453
1239.601
1239.649
1239.735
1239.798
1239.902
1239.936
1240.025
1240.082
1240.173
1240.251
1240.306
1240.410
1240.462
1240.568
1240.669
1240.703
1240.763
1240.893
1240.894
1241.047
1241.114
1241.292
1241.411
1241.587
1241.844
1244.545
1245.649
1246.435
1247.107
1247.507
1247.773
1248.032
1248.255
1248.462
1248.645
1248.732
1248.920
1249.026
1249.216
1249.353
1249.530
1249.657
1249.871
1250.043
1250.194
1250.403
1250.653
1250.788
1250.998
1251.232
1251.450
1251.736
1251.978
1252.350
1253.654
1253.865
1254.026
1254.187
1254.302
1254.451
1254.596
1254.732
1254.810
1254.914
1254.996
1255.076
1255.132
1255.187
1255.270
1255.298
1255.399
1255.454
1255.554
1255.639
1255.640
1255.781
1255.848
1255.993
1256.099
1256.283
1256.589
1257.082
1257.305
1257.477
1257.649
1257.794
1257.876
1258.034
1258.196
1258.329
1258.463
1258.638
1258.809
1258.951
1259.152
1259.323
1259.482
1259.710
1259.854
1260.083
1260.306
1260.515
1260.794
1261.133
1261.449
1261.832
1262.335
1262.908
1263.683
1264.558
1265.278
1265.843
1267.350
1267.483
1267.676
1267.828
1267.956
1268.059
1268.187
1268.359
1268.501
1268.637
1268.765
1268.850
1268.983
1269.128
1269.240
1269.312
1269.405
1269.496
1269.589
1269.720
1269.762
1269.863
1269.919
1269.971
1270.050
1270.177
1270.358
1270.431
1270.591
1270.700
1270.842
1270.909
1270.974
1271.103
1271.195
1271.277
1271.332
1271.416
1271.498
1271.578
1271.690
1271.735
1271.817
1271.870
1271.983
1272.092
1272.197
1272.254
1272.350
1272.437
1272.492
1272.598
1272.720
1272.885
1273.131
1273.639
1273.783
1273.949
1274.118
1274.226
1274.380
1274.538
1274.730
1274.974
1275.148
1275.299
1275.453
1275.552
1275.708
1275.804
1275.933
1276.067
1276.212
1276.374
1276.578
1276.868
1277.136
1277.343
1277.549
1277.795
1277.947
1278.130
1278.263
1278.451
1278.650
1278.785
1279.001
1279.212
1279.647
1279.986
1280.187
1280.431
1280.645
1280.810
1280.981
1281.142
1281.346
1281.576
1281.807
1283.797
1284.277
1284.674
1285.049
1285.457
1285.780
1286.088
1286.243
1286.451
1286.607
1286.792
1286.948
1287.123
1287.315
1287.452
1287.581
1287.764
1287.924
1288.155
1288.435
1288.995
1289.192
1289.349
1289.552
1289.791
1289.918
1290.083
1290.293
1290.452
1290.659
1290.775
1290.905
1291.106
1291.222
1291.358
1291.532
1291.639
1291.791
1291.934
1292.100
1292.346
1293.870
1294.320
1294.687
1294.893
1295.070
1295.239
1295.416
1295.586
1295.726
1295.920
1296.069
1296.252
1296.417
1296.570
1296.757
1296.886
1297.045
1297.189
1297.363
1297.490
1297.749
1297.906
1298.118
1298.474
1299.192
1299.440
1299.654
1299.782
1299.905
1300.079
1300.220
1300.369
1300.478
1300.616
1300.756
1300.833
1300.896
1300.998
1301.077
1301.155
1301.254
1301.283
1301.357
1301.462
1301.490
1301.575
1301.693
1301.735
1301.767
1301.831
1301.923
1301.980
1302.037
1302.091
1302.203
1302.259
1302.318
1302.344
1302.422
1302.504
1302.556
1302.692
1302.819
1302.977
1303.239
1303.894
1304.604
1305.115
1305.370
1305.525
1305.736
1305.864
1305.972
1306.106
1306.245
1306.331
1306.444
1306.584
1306.695
1306.761
1306.820
1306.931
1307.012
1307.145
1307.244
1307.345
1307.450
1307.500
1307.654
1307.742
1307.865
1307.954
1308.075
1308.193
1308.309
1308.420
1308.556
1308.722
1308.801
1308.934
1309.085
1309.250
1309.389
1309.522
1309.684
1309.804
1309.984
1310.103
1310.279
1310.481
1310.639
1310.797
1310.977
1311.147
1311.377
1311.567
1311.778
1311.993
1312.181
1312.440
1312.629
1312.868
1313.126
1313.360
1313.615
1313.924
1314.245
1314.608
1315.064
1315.485
1315.968
1316.709
1317.741
1318.378
1318.907
1319.499
1320.152
1320.336
1320.522
1320.623
1320.697
1320.783
1320.816
1320.977
1321.029
1321.112
1321.198
1321.257
1321.340
1321.423
1321.452
1321.606
1321.651
1321.711
1321.742
1321.770
1321.884
1321.941
1322.023
1322.049
1322.127
1322.210
1322.286
1322.336
1322.413
1322.517
1322.580
1322.614
1322.752
1322.913
1323.018
1323.170
1323.297
1323.428
1323.583
1323.660
1323.745
1323.854
1323.935
1324.073
1324.126
1324.238
1324.315
1324.404
1324.496
1324.579
1324.699
1324.758
1324.840
1324.916
1324.966
1325.106
1325.181
1325.234
1325.337
1325.476
1325.578
1325.684
1325.768
1325.893
1326.062
1326.252
1326.416
1328.651
1329.468
1330.087
1330.437
1330.665
1330.883
1331.035
1331.219
1331.361
1331.548
1331.690
1331.860
1331.963
1332.117
1332.250
1332.354
1332.458
1332.632
1332.754
1332.898
1333.008
1333.145
1333.232
1333.395
1333.521
1333.681
1333.853
1334.013
1334.191
1334.503
1335.535
1335.721
1335.857
1336.042
1336.175
1336.334
1336.507
1336.669
1336.765
1336.926
1337.090
1337.220
1337.338
1337.531
1337.653
1337.780
1337.928
1338.208
1338.646
1341.268
1341.578
1341.750
1341.877
1342.053
1342.176
1342.306
1342.385
1342.589
1342.713
1342.793
1342.955
1343.070
1343.206
1343.337
1343.473
1343.676
1343.761
1343.920
1344.055
1344.272
1344.378
1344.598
1344.731
1344.919
1345.085
1345.307
1346.165
1346.329
1346.544
1346.772
1346.879
1347.029
1347.135
1347.215
1347.329
1347.438
1347.498
1347.588
1347.698
1347.808
1347.996
1348.148
1348.707
1350.039
1350.503
1350.715
1350.881
1351.005
1351.138
1351.340
1351.485
1351.646
1351.809
1351.959
1352.124
1352.296
1352.452
1352.667
1352.862
1352.991
1353.177
1353.360
1353.581
1353.754
1353.934
1354.138
1354.358
1354.598
1354.799
1355.004
1355.230
1355.511
1355.735
1356.034
1356.310
1356.559
1356.912
1357.216
1357.474
1357.793
1358.137
1358.734
1358.938
1359.150
1359.304
1359.413
1359.463
1359.585
1359.655
1359.734
1359.796
1359.881
1359.936
1359.991
1360.043
1360.149
1360.151
1360.207
1360.290
1360.340
1360.418
1360.444
1360.537
1360.538
1360.639
1360.699
1360.792
1360.793
1360.877
1360.960
1361.026
1361.127
1361.129
1361.204
1361.238
1361.328
1361.401
1361.401
1361.472
1361.544
1361.666
1361.756
1361.837
1361.998
1362.266
1364.119
1364.442
1364.655
1364.861
1365.065
1365.265
1365.511
1365.742
1365.974
1366.163
1366.380
1366.532
1366.798
1367.009
1367.226
1367.429
1367.654
1367.902
1368.110
1368.351
1368.592
1368.862
1369.153
1369.424
1369.720
1369.975
1370.301
1370.657
1370.933
1371.225
1371.580
1371.914
1372.380
1373.108
1373.328
1373.491
1373.658
1373.767
1373.834
1373.867
1373.932
1373.988
1374.072
1374.127
1374.180
1374.291
1374.292
1374.380
1374.468
1374.470
1374.510
1374.649
1374.728
1374.730
1374.805
1374.924
1375.067
1375.171
1375.402
1375.559
1376.593
1376.873
1377.145
1377.308
1377.496
1377.728
1377.884
1378.079
1378.273
1378.499
1378.747
1378.935
1379.224
1379.425
1379.786
1380.965
1381.192
1381.426
1381.693
1381.891
1382.148
1382.401
1382.665
1382.980
1383.225
1383.535
1383.840
1385.088
1385.794
1386.392
1386.924
1387.480
1388.161
1389.680
1389.867
1389.992
1390.165
1390.373
1391.027
1391.212
1391.337
1391.446
1391.572
1391.760
1391.845
1392.003
1392.171
1393.101
1393.363
1393.578
1393.659
1393.802
1393.911
1394.027
1394.078
1394.177
1394.282
1394.388
1394.510
1394.633
1394.815
1395.027
1396.254
1396.458
1396.654
1396.927
1397.322
1397.566
1397.778
1397.935
1398.090
1398.277
1398.471
1398.657
1398.851
1398.996
1399.182
1399.395
1399.614
1399.735
1399.899
1400.086
1400.199
1400.318
1400.485
1400.614
1400.721
1400.861
1400.963
1401.134
1401.279
1401.433
1401.685
1402.317
1402.523
1402.789
1402.963
1403.212
1403.405
1403.683
1403.892
1404.164
1404.751
1406.527
1406.851
1407.189
1407.461
1407.710
1407.905
1408.032
1408.191
1408.325
1408.488
1408.665
1408.827
1408.989
1409.163
1409.271
1409.464
1409.584
1409.797
1410.017
1410.255
1410.915
1411.097
1411.268
1411.464
1411.714
1411.863
1412.073
1412.201
1412.359
1412.484
1412.584
1412.685
1412.744
1412.795
1412.899
1412.949
1413.088
1413.143
1413.261
1413.329
1413.419
1413.513
1413.670
1413.940
1414.535
1414.882
1415.238
1415.683
1415.885
1416.060
1416.217
1416.347
1416.516
1416.636
1416.762
1416.894
1417.042
1417.174
1417.336
1417.473
1417.593
1417.751
1417.918
1418.091
1418.189
1418.392
1418.533
1418.720
1418.889
1419.128
1419.455
1420.088
1420.302
1420.518
1420.697
1420.876
1421.034
1421.206
1421.370
1421.551
1421.685
1421.761
1421.865
1421.985
1422.060
1422.110
1422.208
1422.292
1422.345
1422.453
1422.508
1422.619
1422.657
1422.736
1422.803
1422.805
1422.861
1422.971
1423.022
1423.073
1423.128
1423.230
1423.255
1423.340
1423.424
1423.480
1423.568
1423.606
1423.647
1423.757
1423.824
1423.880
1423.963
1424.076
1424.213
1424.348
1424.687
1426.349
1426.638
1426.835
1426.945
1427.145
1427.244
1427.393
1427.543
1427.663
1427.748
1427.833
1427.955
1428.073
1428.213
1428.317
1428.433
1428.591
1428.691
1428.807
1428.897
1429.031
1429.134
1429.239
1429.391
1429.472
1429.592
1429.740
1429.855
1430.019
1430.154
1430.285
1430.386
1430.610
1430.745
1430.907
1431.063
1431.227
1431.445
1431.641
1432.005
1434.477
1435.611
1436.193
1436.778
1437.300
1437.796
1438.260
1438.696
1439.105
1439.564
1439.974
1440.405
1441.064
1441.941
1442.199
1442.420
1442.571
1442.690
1447.149
1448.161
1448.869
1449.432
1449.952
1450.418
1450.795
1451.077
1451.323
1451.583
1451.709
1451.905
1452.063
1452.203
1452.337
1452.582
1452.812
1453.022
1453.262
1453.546
1453.825
1454.256
1454.906
1460.039
1460.416
1460.753
1460.982
1461.272
1461.480
1461.681
1461.880
1462.064
1462.251
1462.383
1462.596
1462.756
1462.996
1463.217
1463.378
1463.669
1463.888
1464.195
1464.514
1464.798
1465.125
1465.521
1465.971
1467.565
1467.726
1467.917
1468.081
1468.354
1468.602
1468.885
1469.192
1469.605
1470.188
1471.255
1471.667
1472.321
1472.697
1472.964
1473.173
1473.411
1473.565
1473.736
1473.886
1474.036
1474.252
1474.380
1474.603
1474.731
1474.918
1475.107
1475.302
1475.517
1475.763
1476.081
1476.527
1477.335
1477.556
1477.701
1477.836
1478.010
1478.140
1478.307
1478.463
1478.601
1478.769
1478.966
1479.201
1479.489
1479.757
1480.128
1481.480
1481.814
1482.045
1482.345
1482.646
1482.883
1483.160
1483.472
1483.722
1484.010
1484.316
1484.602
1484.853
1485.215
1485.545
1485.896
1486.290
1486.679
1487.076
1487.549
1488.021
1488.604
1489.158
1491.000
1491.181
1491.313
1491.519
1491.645
1491.823
1491.984
1492.107
1492.304
1492.449
1492.610
1492.734
1492.870
1493.045
1493.170
1493.300
1493.452
1493.586
1493.719
1493.847
1493.993
1494.093
1494.224
1494.360
1494.480
1494.635
1494.746
1494.953
1495.206
1495.588
1495.958
1496.316
1496.666
1498.162
1498.539
1498.800
1499.059
1499.313
1499.509
1499.742
1499.909
1500.093
1500.228
1500.422
1500.577
1500.756
1500.873
1501.058
1501.223
1501.368
1501.573
1501.744
1501.922
1502.122
1502.286
1502.538
1502.730
1502.895
1503.174
1503.401
1503.682
1503.969
1504.297
1504.602
1504.971
1505.414
1505.907
1507.203
1507.430
1507.639
1507.790
1507.912
1508.074
1508.209
1508.368
1508.472
1508.681
1508.836
1508.939
1509.086
1509.207
1509.381
1509.461
1509.609
1509.730
1509.760
1509.868
1509.919
1510.024
1510.107
1510.189
1510.319
1510.516
1511.519
1511.785
1512.045
1512.285
1512.478
1512.663
1512.859
1513.024
1513.242
1513.400
1513.643
1513.859
1514.045
1514.295
1514.561
1514.801
1515.116
1515.487
1515.888
1516.465
1518.992
1519.410
1519.836
1520.306
1521.042
1522.952
1523.695
1524.045
1524.197
1524.303
1524.417
1524.590
1524.703
1524.792
1524.892
1525.041
1525.292
1525.614
1525.898
1526.252
1526.645
1526.925
1527.080
1527.279
1527.427
1527.523
1527.663
1527.829
1527.958
1528.062
1528.222
1528.330
1528.471
1528.626
1528.725
1528.887
1529.017
1529.257
1529.590
1531.173
1531.654
1531.887
1532.125
1532.294
1532.466
1532.633
1532.805
1532.947
1533.119
1533.416
1533.864
1534.164
1534.373
1534.614
1534.880
1535.128
1535.397
1535.712
1536.090
1536.489
1537.978
1538.386
1538.949
1539.663
1541.167
1541.680
1541.865
1542.117
1542.318
1542.604
1542.887
1543.372
1544.260
1550.233
1551.150
1551.455
1551.666
1551.807
1551.964
1552.133
1552.307
1552.421
1552.587
1552.733
1552.928
1553.079
1553.312
1553.486
1553.696
1553.949
1554.289
1554.636
1555.098
1555.483
1555.813
1556.060
1556.266
1556.482
1556.813
1557.228
1558.288
1558.845
1559.209
1559.623
1559.984
1560.470
1560.961
1561.703
1563.400
1565.269
1566.433
1567.024
1567.561
1568.032
1568.932
1570.092
1571.039
1571.478
1572.146
1573.685
1574.670
1575.388
1576.519
1576.937
1578.313
1579.687
1580.239
1581.100
1583.359
1583.858
1584.862
1585.525
1586.210
1586.588
1586.794
1587.038
1587.328
1587.811
